11111 ᾗ ο ’ 11111.

9111111 1111111111 ι11111 ,11111111 1111 ,11111111111111111111
11111111111111111111111, Ι111, ’2. 1111111111. 1111. 11· 11111111 111 11111111111111, ·
111. 11. · 1111.1111“.11111·1·111111111. 1111 1111111111· 111 111111 1111111.
111. 111. κ 1111 111111111111111111 11111111111111 111 111111 11111111.
111. 1111--111, 111-11111111 1111111111. Ι111-,111111 :lm 111111111-

’ ’ 1111111111Ι’.11111·1·1111111111.111111111111111111111111111,111-,11 4111,-

111111111111111 111111 111 11111111 111111111111111111111. 111. ,1111 11112. -·
8111111111 1111111111 1111111111 1111 1111111111 mx. 111111111111.
’1111111111 1111 1111111 11111. 1111 1111111 111111111111 111111111111111111.
111. ’21111Μ 2112.

.’-111.1.·11 111111111111111· 11111111· 1111111111111111111111111 1111
,1111 11111 1111111111. 111. ‚²3- 4. 1111111111. 1111. 11· 1111111111
211 1111111 1111111. 111. 1. 1111 1111111 11111111 1111111111111111111 11111111-
11111. 111. 111 1111.

11111111·1Ι1·111·1·1·. 111111111111111111 111. 11 1111111111 ,1111ιὲ 111111
111111111111 111111. 11111. 111111111111111111 1111111111111111111111111· 1111111-

. 111111 1111111111 1111 111-1111111 111-1111111111 1111 1111111. 111. 1 -11,

1111111111 1111 111111111111111111. 111. 111· 111,

111 11111111111111111111 1111111111· 111111111111111111111 1111111111. Ι ·

1111111 111.

111 1111 11 11111111 1111111111 1111 111-1111111 111111. 111. 111 1‘2.

v 7111111111111111111111111111111111111111111111111111. 111. 111-111.

111 1111111111 1111111111. Ι111. 111.

111 11111111· 111 1111111111 11111 1111111111111111 111111111111111111
1111111111111111111111111111111, 111 --2ῖῑ 1111 1111111 111. 21 211. ··
1111111111 11· 1111111111. Ι111. 111-117.

1111 111111111111 1111 11111111· 11111111 111 1111111111 1111111111.
111. 27-211.

· , 111 11111111111111111 1111111 11111111111 11111111. 1111111 11111111 11
111111 111111 1111111111 111 1111111 1111111 11111111. Ι111. ἰ1ῖ1 211.

’ 12111· 1111111111 1111111 1111 1111111111 111111· 11111 11111111111111111·, 111 ,111
1111111 11· 1111111111 1111111. 111. 11 w. 1111111111 111 111111 1111.
111. 1117-11111. ’

1211 11111· mv. 1111111111 1111111111111111111, 1111111111 11.
, 101. 181111111111111111111111111 1111 ,11111 111111111111111 1111. 11111111-
11111111111111111111111111. 1111111. ’1111111111 111. 111 111. ›-
111 1111111111 111 111-1. 1111111111111 111 11111. Ι111, 1111 -1111,

111 111111111111111111111 11111111Ι 1111 111111111111111111111 111111·
1111111 1111111. 111. «111-111.

1111 111111 1111111111 11111111111111 1111111 11111. 111111. 111. 117 111.

111111111111111111111111 111 1111 11111111111111 ,1111111 ,111111-
11111 111111111111111111 1111111111. 1111. 111-71· 71111111 11111111 -
1111 11111111111111111111 ·- 11 1111111111 1111111111. 1111. 111-1111.

17) 11111111, 111-11 1111111111 1111111111111111 1111111 1111111111
1111111111111111111111111111 1111111 1111111111 11111 1111111111 2 Ι1111·
1111111111 1111111. 1111711 711.

’ ’111 211· 2111, -

‘¹⁵¹- 11111

Ι 1111 111-11· 1111111111 ,111 1111 11111’111”111111111·1 1111 1111111111 11111.
11111111111111111 1111111 ,111111 ΙΙΙ; 1111111118111111111. 11111111111111111
W. Χ. 111. 11111 11111111111111 111 111111 1111111. Ι111. 711··-711.
1111 .1111’,11’1111111111 1111111111). 111111111111 11. 1121. 1,. 11111111111111
1111111111. 1111. 111 Ι1111111. 111. 711, - 1111 ,1111111111 1111111111111110,
1111111111 11. 11111. [1111111111,11111111111111111111. 1111. 711--711, -
1111 ,11111 111111111111 1111111111 11111.11111111111111111111. 1111. 111
Ι111111. 111. 711--1111, 11111111111111 1111111111111 1111111111111111 ,111 Ι.
Ι«11. 111 112. · 111 111. 11111111111111. 11111111111111111 11111111111111.
11111. 1111111111. 1111111 1111. 11111111111111111111. 1111. 11· 1111·-
1111111 11 111111 1111111, Ι111. 111--111- W 11111111111111111111 1111
,1111ι 1111111111 11111111111111 1811111. ,111111111111111111 1111. 111111-
1111 Ι 1111111111 1111111. Ι111. 1111 122. -1111111111111111111,
1111111 1111111111111111111111. 1111. 11· 1111111111 7 11111111 1111111.
111 11111111 1111111111. Ι111. 11112 11111. -- 1111
11111111 1111111111, 11111111111111. 1111111111 1111111111 111 Ι11111111 “

, 11111111111111. 11111. 11· 1111111111111 21 1111111111 111117. 111. 11111 --1111-
, 111 11111111. 1111. 1121 11211. “

1111 1111111 11111111111 11111111· 1111111111111111111111111111 111. 11111111
111111111111111111 1111111111 11111111 111. 111. 1111--111,

2111 1111111111 111111111111111111111111111111. 11111111 111111111-
1111, 1111111111 11111111. 1111 S. 11111 11”““· 111111111111111111111...111·
11111111, 111111111111111111111111111. 1111111111 1111111 111-111111111111111111
11 1111111111111111 111111 11111 11 1111. 1.. 11111111, 1111111 1111111111111.
11111111111 11111111111111111, 1111111 1111111111, 1111. 1111---1111

211 111-11111111 111111 1111111111. 111-11111111 1111111111. 111
111. 1111111111 1111111111. Ι«11. 111· -112,

’.121 11111111. 111 111111 1111111111111 1111111111 1111· 1111111111
11111111 111111111111· 11111111 111111111111111111111111.111.112 -11-1. ’ ⁸

2111 1711111111111· 111111 1111111111 111111111111111111, 1111111111
1111111111111111 11111111111111111111.· 1111. 115111111111111. 111-,111--1111

11111. 1811111111 21 1111111111 111117, 111. 11111 --11111 1111 1111111
111. ,11111111 1111111111 11111111, 11111. 1111111111 11111111 11111111-
111 1111111. 111. 2111 etat. 1111111111. 1111. 1 1111111111 1111111
11· 1111111111. 11112111 21111,

’.111 1111111111, 111111 1111111111 1111111 1111111111 1111111111 1111
11111111 111111, 11. 111. -111,

’2111 1111111111 1111111111 11111111 1111 1111111111 ,111 1111.
111. 1111-«121. Ι11111111 1111 1111111111 ,111 ,1111 111 1111111111.
111111 1.·11. · “

2111 1111 ,1111 11111 11111111111111 M. 1111111111 ’1111111111111111
,11111 ,11111111 111. 122-1211,

2711111111111 11111 111111 1111111111 11111111 1111111111 111 1111111
1111111111, 1111. 1211 4211. ·

9111 1111111 1111111111 111.1111..11111111111111. nominum 111111·
11111111, 11111111111111. 1111111. 111. 1211- 1.·111.

 

