mu.

· 11111111111111111111· 111-1111111111 1 1111111111111111 11111111 111
11111111111111111111117711.1’11·..·-121. ¹ ¹ ¹
11111 11111 11111111 1111111111· 1111 1111111111111111, 111. 2121ν-.1211, -
1111111111 1111111111111111.11211 11211, ¹ ¹
1111 1,’11·111111·11111111 1111111111-11111 11111111 11111111111111111. 11111111
11111”1“111111111·111 211 ,1111111 17711. 111. 1211. ¹
' 112) 11111111· 1111111111111111111111111 1111 11111111111111111111111111.
111. 111-1111.. ¹¹ ¹
j 11111 1111111111 11 11111111 11111111 11111. 17721. 111. 2111111111
1131111111, - ¹ ¹ ¹ ¹ ¹ ¹
1111 11111111 111111111111111111 111111111111111111111111 1111111111 11111111·
111111 11111111111111111111 1111 ,1111 1111111111, 1111111111,
’ 11111 111111111111111 1111111111 11111111 11·111111’1.·111·.11 1111111111111111111111
a 1111111111 1111111111111111111111111 1111111111111. 1111112 1111111 11111.
1111111-117. ¹ ¹ ¹
11111 1111111 11· 11111111 1111 11111111 111, 111111111111111. 111-111111
111111111111111111. 1111111111 111111 N. W. 111111111111111111, 11· 1111111111·
1111111111 11117. 11, 1111111111111111, 1111111111 111111111111111, 1111. 11111---11111Ι
1171 1111111 1111111111 1111 1111111111.1111111111 1111111111111 11111111
111111111111111111111111 111111111111111111111 1111111111 1111111111 1111111111-
111111. 1111111111127 11111111 1771Ι 111. 11111- .“1.”1.”1. ¹ ¹¹
11111 11111111 11111 majonis· 11111111111111111111 111 11111111· 1111
111111 111. 11111111111111111 1111111111111111, 1111111111111111 11111111 11111-
1111111111.11ι·..“1.“1.”1--111’11“1, ¹ ¹ ¹ ¹·
11111 ravim: 1111111111111111· 111111111111111111111 1111111111,
·’ 11111111. 111. 11111, Ι)11·«1111111·11 11111111 1111111111111111ε Ι111111 1111
suani-hm· 1111111111, 11111 111111 1111. 111. 11111. - 11111111 11111111.
111. ,111 1111. ¹ ¹ ¹
11111 1111111111 1111111111111111111 111111 111111111111 11111111111111111
11111111111111111111 11 11111111 1771. 111. 1117 41117.

11111111111111111 11111111111111 1111111111111111 1111111111 1111111111.

Dan 11111111111111 12 11111111 17711, 111. 11117-111111. 11111111
. - 111111111111111111 1111111111 1111111111·1111·1·1 111-11111111. 1111111111 ¹- 11111.
11121 1111111111111111 1111111 7111111111 1111111111 11111. ,11111111 1111-
’,111-1111111111 11 11111 1111, 11·. 1111.. ¹ ¹ ¹
. 11111111111111 1111 1111111111 11111111 1111111111111 101111. 1111,
11111111 cosan-kim 1111111111 111· 1111111111 111 1111111111 1111111111
11111111.111111111111111 ministerium 11111111 11111111. 111. 11111-Τ1112.
11111 111111111111111111111111·111111111111111111 na 111111111111111111111111
[1111111111. 1111. 11· 1111111111111 1111 2ἓ1 111111 17711111. 1112 -11711, --
Noua 11111111111111111111111. 11111, 111. 11111111. 11111111.
111171 1111111111111111111111111111 1111111111111 1111111111 1 1111111111
’ 111111111111 11111111 111111111111111 1111 1111. 1111111111111111, 1111111 11111111·
1111111. 111. 21711. ’ ¹
11111) 1111111 111111111111111 111111 111111111111111111· 7. 1111111111
1111111111 1111111· 111111111111 111 1111 11111111111111111 1111111111 11111111
· 1101111111 1 1111 1111111111111111 11 111111κί1 111111 11111111 11111

’1717 --ῧῗ4 511

1111111 1111111111· 11 z 11111111 1111 ,1111 111111111111111 11111111.
11111171· 1211.
1117111111111111111 11111 ,11111111 1111111. 111. 1211 - 127,
1111111111111111111 1111111111 215, mmm). 21111, 11111111
1111111111. 2111. 2511411 1 115. 111 1111111111111111. 2111

1 131-135.

574. 1111111111111111111111,111111111111111111111111111 11117111 11111111
11111 11. 111.

11 11111111111111111 111111111111111111111111111 11111111111111111111-
111111. k. 111 111.

21 1111111111· 1111111111 1111111111 1111111111 111 11111111 11111111111111.
171111. 1. 111’--11’.

111 11111· ,11111 ,111111 5111111111. 1111111111 11111111111111111 1111 1111111·
1111111 1111111 5111111111 1111111111 11. 11111. 211 111-11111111 κ 111111.
1. Ι2-12’. 1111111111 111111 1111 1 1111111111 17111 ν, 1111111111.
k. lss'v-lssl. · 1111111111111111111 11111111 111 111111 171111. k. 111 11.
111111111111111111111 171111111111111111111 171171. 1, 11. - 1111111111
11111111111111111.11111.11·11’1·11·111·11 ’11·11111111111117111.11111 1.·1’. .

11 1111 1111111 &lanistam 111111111111111 111111 1111111111 51111111.
’1111111111111 1111. 21· 111111 171117. 1. 11 11’. -- 1111111111 111111
1111111. 11111. 11111111111111111111111 171111, 1, 22’-· 231.

51 1111111111 {univi 1111 amioum 1111111 111-1111111111 11111
1111111110-111111111111 111 1111111111. 1111111111 1111 11111. 11111111 17117.
k. {ff-4⁸.

, 111 ,11111,11121111111111111111 1111111111111111 1111111111 1111111111
1 11. ,1. 1111111111111. 1. 111» -211,

71 11111111 111111 11111. 11111111, 1111111111 111111111111111, 111111.
1111111111 1111 111111111111111111111111 1111111111 1111111111· 1111· 1111)(1111111111· 171111,
1. 21 «212 -

111111111111111 1111111111111·11 1111111111) 1111111111] 1111111111
1711111111 11111111 1111111111 111 1111111111]11111111. 1. 21’· 22.

111 11111111 1111111111 1111111111 11111111111111 1111111111111111 11111-
Ι-·ν.1·111·11’111111 1111 11111111111111· 11111111111111 1111111111 1111111ιί1111 1111111111
1111 1 11111111 171111 11· 1111111111. 1. 22. - 1111111111 11111111.

22--22,

1111 11111111 1111111. k. 232--212 1747111111, 1111 1111.

111 11111111 111111 1111111111 1111111111· 1011111111 11· volsa-ze.
k. 21’--·2;·1’.

121111111111111111 111111111111111111111111111 111117. 1111111·
1111711111. 1111. 11 1111101111 111 1111111111111111 171111. 1. 211--211,

1111 1111111111 1111111111 111111. ,1111111 11, 1111111111 1111111111),
111 1111111111111111111... clio 11151111111111111 171111111111111. 1211-«21-
1111111111111111. 1. 27.

111 111111 111111 1111. 1111111111 111 1111 111111. ι111111111111111
1111111111. 111111 1111111111... 21111111111111 171111, 111272-211.» 111111

 

