11 oon-mii.

1111111111 11111111 ,1111111 [8111111111 1111111111-
1111111111 11 1111111111. 11111111111111111111111111 177 ,111 2711.

111) 11111111 revisionis 111111111111 11111111111111111111 1111111 11
,111111111111111111 A. 1). 1717111. 2117-111111.
17) 1111111111 1111111111γί 1111111111Ι 1111111111 11111111 13111·

’ < 1111111111, 1111111111111 1111111111 1111111. 1111 11111111 111

1111111111 1111111111 11111 1 r. 177111113113-3111.

111) 11111 1111111111111 1111111111 111111111. 1111. 313-11111.
’ 111) 11111111 1111. 11111111 111111 [1111111111 111111 1111111-
11111 17113. 111. 3111-321).

21)) Ι.1111111,11. 1111111 1111111 1111 111 Decembris. 1111. 3211.

21) 1111111111 11111 (3111111111, mirum i iorircy 1111111111,
1 1111111. sir. 32111 3211.
Ι 22) 1131111111 1111).11111111111111111111 1111111111 Maska-
1111. sir. 3* i.

23) 11111111 1111 11111 1111111111, 11111111, 11111111111
11111111111 11111 1111, 11111111111111 ,11111 11111 1111111. 1111.

A ’ w 1111111111 111111 1111111 1 11111111 11111 11 111111 171111.

111. :izi-³213. - 1111111111 111111 Ι1111111111 11111111111111 11111·
11111 1111111 1111111111 11111111 11111 2011111 171111 11111111
111 1111111111ιί.111.“3211-331.

21) 111111 w 11111111 1 1111111 w 111111111111 111.
ψ’ ει2111) 2111111111 11111111 111111 111, 1111111111 w 1111111111

, 111113111111111 171111. sir. 3171-3111.

211) 11111111 11111 11111 111111 11111111111111 sir. 111. 31111.

1111111111111111)1 1111111111 11111111111Κ1111111111111111, 111111-
1111 1111111111.

570. 1111111 1111111111, pisany 1111111111111111 11111111 111111;
1111 1. ¹44· ·
¹ 1111111111, 11111111, 111111 1111111111, 1111111. 1111111.
11111 pisina 111111111111111111111 17113 11 1771 1111111111.
1) 111111111111111111111111111 11111111 11111 111111111111111,
11111111·1111111111 11111 111, 1111111111 111111. 111111111111
11111111111, 1111111111111111111111 1111111111, 1111111 ii. 11111111
11111111 11111111111111 111111111111. 1111111111 tinia 7111111-
11111111111111 1111111111111 171111. 1. 1-- 2. - [11111111111111
31 1111111111111 111 1111111111 171111. 1. 11-111-011111111

’ regni. 1111111111 [rod Barwinkiem 111 111 Aprilis 171111. 1. 13.

1)11111111111111ο 21111111 1111111111111111, 1111111111
1111111111 11111 11111111111111111111111111111111111. 1111. 11111111-
lis 171111. 12-2’.-1)11. 31111111171111 w 1111111. 1. 3.-1111111111
11111111, 1111111111 11111111 1111111111111111111111111, 1111111111
11111111111111 11111111111111111111. 1111. 211 11111 171111, 111. -
1111111 11111111111111. 1111 23 Martii 171111. 1. 11-11’. - Μ11111-
1111111. [111 71111111 171111. k. 12. - 11. 81111111. 1111 11111.

111. 31

¹ 111 111. 1111111111111.11111111111111111.111111111111111111111·

Ι1111111111 1111111. - 1111. 1111111111. k. 111, -- 1111. 1111 27... 1771

15111111. 1. 117. ·· 11111. 2211111111 1771 1111111111. 1. iri-413¹.-

1111111 11111111111111, 1111111111 111111111111 1111111111. Ι1111.
21 1111111111 17711 1 ’111111111κί1 7. 1111111111) ri. Sapirliy.
11. iii-2⁰1 11111.11 iiiii-ruffin. 1. 1142. 1111. 15111111·
11111 171111. 1.·17. 11. Ι·’. διε-1111111111), 1111, 21111111 1771.

11 13.-1.·1.--1111ῤ11111111- 17711-11. 1111111111 1771. “

1.113·-111, -· 11111111111 1111111111. 1111. 211 11111 1771. 1, 1111. --
irari. 27 Maii 1771. k. 112-112. · 11111111 1111111111111, iiiii.
1711111 1771, 11111--1111, -· ’1111111 1111111111). 1111. ir 111111 1771.

1. iiii-riri. - 1111. 7 11111 1771. 1. 711. · 11. 111111111111110. , .

1. 711-71. - 11111111111111, 1111. 11111111 1771111111111111.
k. 77. --2111111111111 1111. 12 Maii 1771. 1111- 111. - 111. 1111111·
1111111111, 1111. 1111111 1771. 1. iiii « 311. 1111111111 1111111111.
7. 11111111111111 1111 12 1111111111 1771). k. 1111. ⁴ 1111, 1111111111

1711111111 171111. 1. 1111 « 111. 1111. 1111 1111111111 171111 1111111. -

1112. · 11111111111111111111.11111711111171111,111117 itii.-
Η. 1111111111. iiiii. w 1111111111 1111 21 11111 1771. k. 1117- -107,
21) 1111111111,1111111111 511111111111111111111111111. 1111111111
,111111 1111111111» 1 ‹iiiviri-iiviri. 11111111-1111111 111111), ·
1111111111 111111111111 111111111111. 1111111 sii: 1111 21 11·
11111111 17711. 111 -11, ’11 1111. 1. :rii-:ii [111111 1111111111. -- ¹

. 1111111111 17 111111 1771. 1. 1121 iii'.

1) 1111111111 1111111111 1111111 ’11111111 Cliternia 1 ’111-
11111111 111 11111111. 111131111111771)11111111 1111 1111111111.
1. 7. ’ 111111’11111111 1111,211111111111111 17711 1711111111111. 121.

ii) 1111111 1111111111 117111 1771 Ι; 1111 iia-i ’11111111 1111.
11 — 111, 71, 711. 112. 113, 1111. 111, 1111, 117. - 111 1111111111 1 1111111. γ
1. iiii. · Na 1111 (11111111. 1. 711. iiii. — 111 111 1111111111. ·
11111113. - 1111 wsi Ν11111111. 1. 1111, 1113. -ι11111111111111 .
11111111. 111), 111. - 11111111111111111111.1111111111. 113.

’ 111111111111111111111111111111.1ῖ1,711,117,111. ¹

71111111111111-Ι 111111111111 111 1111111111 11111 111111111 11
11. ii. 1.. iiiii. 1771 111117. 1. 111-111. -· 1111. 1111 11111111-

’ 11111 1771. 1. iiiia-lizi.

3) Κ1111 1111111111.- .1(11111 11111111111111. Ι11111111· 11111-
1111111111111111111 11111 1111111111. 111111111111111111111111111-

’11111111 1111111111, 111111 111111111111 111111111111 111111111111.

1111.11111111211111111111 177111. 17. - 11111 1111111111, 11111.
11111111 1111 1111111111) 1111 111111 1771. 1. 21. -- 1111111111111
3111111111111.1111-111 Ι . . .. .-
11) 11111111111111111ε11111111111111111111). 1111. 1 111111 1171.
1. 21. 'lira 1111111111 11111111111111111ε 1111. 1111111111 1111

2111111 17711. 1. 311. ·- [111. w 111111)Ι 11 1111111 1771. 1. 11)
11)) 111111111111111111.1“11111111111. 1111. 111Ν1111111111 171111

1 1111111 11111111111111. 11. 224 - 11111111. 1. 13.

1111111,1111,11111.τ.111. u

 

