1171.

11 11111111111111 1111111111· 1111111 11111111] 1111111111 1111 11111111-
meaa 111711. 11111 11111111 111· Ι1111111111 11111111111111111 ij 1111
1111111111, 111· 11111111 1111111 1111111111. 1111 1111111 111 1111111111
11111111· 1 1111. 1111111111 11111111111111111111111]Ι ,111 1111. arana-vj
1111111111. 111 1111111 211 ava-amaia. 1111. 11 1111111111· 111111
11 1111111111111111 1. 1772. Ι111. 1 -11, -- 111111 1111111111.. 11111.
- 21,1111111117711.111.11’111 1111.

21 1111111 111. ,11111 ’1111111111 11111111 1111111111, 1111111111
canaan-au. 1111111111 1111111 111111 1111111111, 1111 11111111· 11111111
12111111111111111 177211 1111111111 1111111. 111111-1.

a) 1111111111 anim-saa< 1111111111111111.111111111111111 11111·

1111111Ι 11 111111111111111, 11111. 11111111 1Σ1 1111111111· 1772. 111. 1.

11111. 11111111 111 1111111111 1772. 11111. - 111· 1111111111111111111 11.-111111.
1111. 11111111 211 111-1111111 1772. Ι--11 aaa-37. - 11111. 11111111 1772.
111·- ἓ111. 111111 111· 11111111· 1111111111111 1772. 111.1“17-·-1”111. ω
1111 11111111· 111111 11111111111111 1772111111. - 111· 11111111111111111
1111111111111 a 1111111111111111· 111111111111111 11111111111111. 11111111111111.
111. 111. - 1111 1111111111 1111111, 111111111111 11111111111111. 11111.
11111111 {a 1111111111 1772. 111111. - 1111 11111111. 1111. 11111111
111 1111111111 1772. Ι111711. -υ 11 ra 1111111111111. 11111, 1111111111
1 Dumana-is 1772. Ι111. 7.·1»-71. - 1111.. 111 1111111111 1772.
1111711. ’11 Ι11111 11111111111.111.711---77. - 11111. 11111111 22111·-

11111111111772. 111. 77-711. 111111111111111111. Ι111. 711--711, —- 1111. ·

11111111 1772 1111· 11 1111111111. 111 11111111· 1 111 11111111. 111, 112-«1111.- -
11111. 1111111111 111123111111111111 1772. 1111111 117. ’111 111 1111111111.
111. 117 7 111. 11111. 11111111 1111 1 1111111111 17711, 111. 1111·-1111,
aaa. 11· 11111111· 211 Ι1111111111 17711. 111111111111111 111-1111.
111. 111-11111. - 1111 1111111111· 211 11111111111 17711. Ι«11. 11111, -.
1111. 1111111111 211 1111111111 17721. 111. 121 122. 11111, 11111111
211 1111111111 17711. 111. 1221211. - 1111. 11111111 2 1111111111 17711.
111. 1211. {aa 1111111 211 5111111111 17711. 111. 1211 -121, -
11111. 1111111111 1 1111111111 17711. 111. 1211. υ 1111111111 11111111
211 11111111 1772. 111, 11111-11111, - · 1111. 1111111111 a 11111111 17711.
1111. 1711. 1111. 1111111111 11111111 17711. Ι111. 1711. - 11111. 111 snpra.
111. 1711 --171Ι -- 11111. 231 11111111 17711. 111. 171. - 111111 11111111
w 1111111111 1. 17711. 111, 171 -177, 11111 111111· 1111111111 17711.
111. 1111. -11111111111112111111111 17751111, 11111-1111. 11111111
111-11111 1111 Ι1111111111111 1111111111, Ι11111111111111111111 1111111111 (lra-
1111111111. 111. 1111.

11 1111111 11111111 1111111. 11111. 111 1111111111 1111111111κί
1111· 111 1111111111 17721111. -- 11111. 111 saara. 111. a.

111 1111111111 11111111111111111, 1111111111 1111111111. 11111. 1111·
,1111111111 177211811111111111111. 111. 1.

11) 1111111111111111 111111111111111 1111111111. 111. 1.

71 11111111111111111111111111111111 ,1111111 a¹aaiarskiaj 11111111]
po 1111111111 1111111111. Dan w 1111111111 daia 11 1111111111 1772.
111. 11 11. -- 1111111111 11111· 11111111 111 1111111111111111111111111-

1171. 11

1111111 1 1111111 11111111]1111111111111111 ministra 11111111 1111111111111
11· wan-maa· 111111 2 11111111 17711. 111. 1311- -1112,

11) ‹an-soria· 11111. 1111· 1 Novana-is 1772. 1111. 11. - 1111 ’

11111. 1111. 177.

111 11111111· a 111111 1111111111111111 1111111121 (11111111 1772.
11111. 1111111111111-1111111772111117. - 1111111 1111111111-
arii 17711. ,1111111 -1111, -1111111 217 1111111111 17711. 1111. 1111, κ
waharma-i: 1 1111111111111 11111111111111 1772. 111-117. ·- 7. 1111111
111111111111111, 111. 112.

1111 ’11111111 1111111111111111 1111111111· 11111111111111 111 1111111111
1111111111Ι S. 111111. 11111. 111111111111111111 1111111111... 1772.
111, 7- 11. 1111111111111111111 11111111111111.1111.11. -- Naturalia...
1111111111111 11111111111111 1111111 1111111111 111. 111111111111111
11111 111-111111 11111111 1111111111111111, Ι111. 11.

11 1 11111111111111111·’1111111111111111111111111111111111111111111111 ’
1 ,1111111111,1111111 1111111 1111111111. 211 amana 1772111. 111--111, -

Α 1111111111ε 1111111 1111111111111111,111 1111111111111-1111111111ιηί-

1111111111111· 111-1111111111 1111111111, 111. 111- 112.

121 1111111 111 1111111. 111. 1.·1·---11·, 117--1111, 1211.

12111111111111· 11111111 11· 1111111111 1111. 1111111111 arna-insama,
111-1111111 11111111111111111. 111 11111111 1·1111,Ι.-1111·.111.111·. 112- 3111,

111 1111111111 1111111, 111111 1111111111· pasca 11111111111
11111111 1111111 1111111111 1111111. 11111111 27 Septembris 1772
11· 1111111111. 111. aa. 'l'ar‘¹ 111 1111111111. Ι111. 211’-311“.

1171 11111111 1111111111 1 palmia warasaj 111 1111111111.
111-1111, 11 1111111111 1111 ,1. 1111111111. 111. 11· 11.-1111111-

amaran. 1111111 ,111 11 1111111111 11111111.111.112.--111111111 na 11111111.

111. 1117.

111) 11111111· 111111 paska 1111111111. 1111111· 111, 1141,
15 11111, 71. 111. 1111, 121, 111, aaa. 1711--1111,

171 11111111 111111 1111111111 111· 1111· alana-nanas 1772. 111-111.

11111111111111111· lisaaaaa 111111. 111. 111111111111111. 1111111111
111111111111111 1111111111. 11111111 1111111111 111 1111. 1111111111 111
(1111111111 115111, 1111111111. Ι111. 11 11.

1111111111 1111111111· 111 111. 111111111111 anniam 110111

1111111111 11111 11111111111111 1111111111 1111111111 111 1111111111 . - , ’

1111111111111, 11111. 11 11111111 211 anaunia-i< 1772111. 1-7- 111.

211111111111 1111111111111-1111111· 111-1111111 1111111 par 1111111111-
11111111 1111111111 11111111 Ι1111111111 1111111 1772 (1111111111 et
1111111111. Ι111. -111 7111.

21111111111111111 1 epigramata. 11111, 711.

221111111111111. 1111 noa: 1111111111111111111111111111111 [aulana
1111111111,1111111 1 11111111 die 11 11111111· 1772. 11111. 111 1111111111·
11111111111111 1772. 111. 111-«117.

2211111111·11111... 1111111 1 111111. ι1111111. 11. 11 Af». 111111
1·11111111.---11111. 1111111-111111111 1111111111 111111111,111111111 1111111111
[1111111111. Ι111. 1711 1111. 11111111111.1111.1111.

 

