311 Γ171.

211111111111111... 1111111111111111, 11111111117111111111 111Ι Polo-¹
11111 111111111111 11111111111111111111111111 1111111111, 1111111111 11111111
111111111111 1111 211 1111111111- 1772, Ι111. 1111- -111, 1111111111. 111. 111.

2.·11 1111111111 111 111-111 1111111111 11111 11111111111111111111111111.
«1111111111 1 11111111111111111111111 111111111111111111 1111111111111111 w 111·
,111111 1111111111ιὶ 1111111111 1111111111 111111111111111 1 11111111
11111111 111·111«·Ι111·1Ι11111 11111111111111111, 11111111111111111111111 11111111-
11111 1772 1111111111. Ι111. 111 112.

2111 1111111 1111111111 111111111111111·1111111’.111. 1121. ¹

271 1111111 111 111 1111111111 111 1111. 1111111111 .·’1 Ι111. 1111111111111
1111111111· 11.· 11111111. 1772. 11111111 1111, ’11111111 11111111. 111. 111’.
, ’ 2111 11111· 5111111111 1111111111, 11111111 1111111111111ῑ 1111 1111111-

’ 111111111111, 111-*11111111 1111111111. 111111 w 11111111111111111 1111111-

11111 1772, ,11. 111--117, 1111111111. 1111111111111111111. 111111 1111.. =
1111111111. 11111 κν1111111111111111 22 1111111111 17711. Ι111. 1111 1111.
1111·11111.-- 1111111. 111111111111111, 111111111111111 111121 11111-
11111· 1772. 111. 1111 1111, 1111 ,111111111-111111, 1111111111 1111111111111,
111111111111111111772111.1211 11111, „ 11111111.1111111111111,
,1111111111 11111.. 11111111 1111111111111111 11111. 1 ’1111111111
7 1111111111 17711. 111, 1111. -- 111 Ι11111111 11111111111111111 17711. 11111
κν 1111111111 1111122 11111111 17711. Ι111. 1112.- Na 111111111111111-
.-·1·1“11111·1. 111111 1111111111» 111111 211 11111111 17711. 111, 1111 1111.
11111111. 11111111111111111 ,111 11111, 11111 111111111111111 1111111 211 111-
11111 17721. 111. 11111 1111. 1111111111111 1111 11111· 1111111 11111
1111111111111111177111111111111·111111.111.11111, - 1111111111 1111111-
111111 1111111111111111 111112211111111 1771111111111111111 111. taff-tna.

2111 1111111 1111111111 ,11111 Κ11111κ111111111, 111111111111111111.ἶ
11·111111111111111111 1111. 1111211111111111 1772 1111111111 11111111111111
111-’111 111-1111111111, 111. 1111- 1171 - 1111111111 111111 111111
1211111111 17711 1111111111, 111. 1111, ¹

31111111 1111 111. 1111. 1111111111111111111111. 1111111111 1111111111
1111111111. kam-{orm 1111111.. 211111111111111 1772 11111111 1111111111111111
111111 1111111111 1111 1111111 111111111111111 111 11111111 11111Ι 1111111.
111. 117 1111. - 11111111111111111111111111111111111111111111·
11111111 17711.111·,1111«711, . Ι

1111 1111111111 11111111 11111 1111111111111111Ιὶ11 1111111111, 11111.
1111111111 7 0111111111· 1772, 111. 711.

11211111111111 11111111111111 1111111111 111111 11111 1111111111

. 111111111111111111111 11 ,11111 11111111. 1111111111 1 11111111·11111111.111. 71.

1111111111111111111111Ι 11 1111111· 11111111 11 1111111111 1111111111111111
111111111111111 111111111111111· 1111111111 11111111 11111111 11 11111111.
111. 71---72Ι 1111111111111111. 11111. 1111111111 1111 111 111111111111 1772.
111-72- -711 -11111111 1111111111 111111 11111111111111111111 1111111111
111111111111111110. 111. 71 711. 1111 1111111. 1111111111111111111111111111.
’ 111. 7.·’1--76,

1111 1 111111111111111. w 111111111111111 11111111111 1 111111 11111111·
111111. 111111101111111111111211 1111111111 1772. 111. 711.

1171. 39 '

35) 111111111111111111111111111 1111111111. 11111111111111, civium
1111111111111111 111. 11111111 111.

31111111 11111111 1111111111 1111111111 (1111111111), 1111111111
1111111111111111. 1111. 11 111111111111 1111 11 81111111 1773. 111. 112. .
117) 111111111111 111 ,11111111111111111111 111 toules 111 [1111111111
εἰ Sa 11111111 11 11111 1111 111 111111111111111111111111111 parson 11111-
11111 1111111111111111111 11 1111111119 111 51111111111111 111111 111111111111

1

1111111111. 1111 11 11111111·1171111111111111111· 1772. 1111111--92 -
5111111111 1111111111111. 11111 11 1111111111 1171111Ν111111111 1772;
1111111111111111111111111111-1111. m ’1111111111 1111111111111. Fuit
1ἰ 11111111 11, 1111111111111 1772, 111111111111111111111111.111.11.·1-·111.

111111111111111111 1Ν11111111 1111111111 1111 1111. 1111. 1111111171
’11111111111111111111111Ι, 1111111111 1111111111111111, 1111111211 11111111 1773.
Ι111. 111. = · 1111111111 111. 1111 -1-111111111111 1773. 111. 111-11111*
11111111111111 11111111 1111111111 11111. 111. 111-1111. -— 1111111111111110·
11111111111111, 1111111111 111111111111111 1111 111111 11111111 m 11101111 .
1311111111 17711, 11111111. 1111111117,1111111111121 1111111111 17711. 111. 1111.

11111 1111111, 11111111 1111111 1111, 1111111111 111 11111111 11111111
1111111111 11111111 17711 w 1111111111. 111. 11111-1112.

1111 11111111 111111111111 11111111111111111111111111. 111. 1112-1111.

1111111111111 1111), 1111111111 1111111111 1111111111. 11111.
11 11111111 17711. Ι111. 1111 1111.

121111111111111 Ι«1111111111 11111111111111111 111111111ίί11 1111 ,
11111111 111-1111111111111’1111111111111111 1111111111· 11 111111111110111·
1111111111,1111111111 1111111111, 1111111111 ’111111111111111,1111111111 1111

.1ΙΙ. 1111111111 1111111111 111111111111111, 1111111111111 1111111111.

1111211111 1211.

1111 111111 1111111111 1111 1111111111· 1 11111111111111. 111. 120“.

111 11111111 11111111 1111. 1111111111 1111111111111 1111111111 11111111·
11111111 11 1111111111 11111111 111 117. 111111111111111, ’1111111111
111111111111111.1111 11111111111111 17711. 111. 121.

1111 11111111 11111111 11111111111111111 111111111111·1111111111111111
1111111111, 11111111111111111111 1111111111 1111111111111111011·
111117 1111111 17711. 111. 121 1271.

111) 11111111 1111 Ι111111 11111111 111111111111, 1211 --121

17111111111111 11111 1111111111 1111111111 11111111111111. 1111
Ι111111111111.,, 1111 12 1111111111 17711. 1111. 127.

1111111111111 111111111111111 111 1111111111 1111111111 111111111111111
1111111111 11111 1111111111111 1 11111111111 1 111111111 1111111111 17711. 111. 127.

1111 1111111111 1111 1111111111111 111 11111111111111 1111111111111111·
111111 111-11111111 1111Ι 1111111111111111 1111111111 11111111. 1111.
11 1111111111 (111221111111111111 1772111. 1211.

1111) 11111111· 1111111111 1111111111111 1111111111 11111111111111111101111·
skivh 1111111111 17711. 111. 1211.

11111111 1111). 1111111111 511111111111111, posia 11111111111111,
1111 11111. 8111111111. 111111111111 111111111111, 1111111111 17711
1111111. 111. 130-131.

 

