¹ 1111111 11. 111 111,

’ m ἸΝ-Μ

1111111111 1111111111 1111111111 111111111111111111111111111111111111111111· , ἶ
11111. 111111 1. 11. 1--172’.
¹ - Niezapisanc 11 111111· 1, 1. 11, 22. 11-11, 111-1111, “

1 111-111, 111. ’

78911111111111111111. 111111 1111111 1111111111 w 11111111 XV
111 1111111111 1111111111 4’; 11111 111. (11111111
(1111111111, 11111111111111.

11 ’1111111111 111111. 1111· 11 1111111111. ’11111111 1111111111 111·-
Ι11111111. k. 1--352 Ν1 11111111 1111111111111111111111,1111111111 111111·-
11111111 111111.

’11 11111111 1111111111111111111111111111111111111 111111·1·1111·11·11·1111 111

11111011111111111111. 1111 1111, Na kon'wu: 111111 111111111111111111111 ,

11111111111111111 1111111 1111111111 1111111111 111,1111111111111111111111111·
111111 111 11111111111111111111 111· 111-1111111111 11111 1111111111111111111·
1111111111... 1111111111 111-1 111111 11111111 11111 1311111111111111111· 1111111111

111111111111111111 11111111 111111111111. 11111 11111111 1111111111 1111111 ,111111-

111111111111111111111 lm 11 1111111 111111111111111111111 1111111111 11111111·
111 11111111111,11·1111111111 111111 111 111 11111111111111111111111111 1111111111
111111 1111111111111111111111111 11111111111 11111111 111 11111111 1111111111.-

· 11111111 111111 111111 1111111111 111 1111111111 11111111111111111111 1111111111

12111111111111111111 1111· 11111111111111111111111111, 1111111111 11111111111111

11111111111111111 1111111111111111 1111111111 11 111111 1111111 1111111111111111 1

1111111111 1111111111. -11111111111 1111111111 111 11111111111 1111111111 1111111111
1111 11111111 1111111 1111111111 11111111111111111111111111. 1111111111111111111 ,111111-
11111111 1111111111111111111111111111111 1111 1111111111111 11111111111111.
111111 111111 11 11111111111111111111 11111111 1111111 111111111111111, 111·

·· 1111 1111111111 11111111. 1111 1111111111 11111111111111111111111.1111111.

y 111111. 1111111
111111111111111111111 1111111111 1111111111. 1111111 1111111 111111111111111
1111111111, 1111111111. 1111111111.1111111111. 1111111 11111111111111·1111·-
1111111 11111111111111· 1111111111 1111111111111111111 ‹ronna-ipsvm! 1111111111.
1111111. 11. 71 111. , , .
11 11111111111111111 1111111111. 1111111 11111111111111111111111, 11111·
1111111111 1111111111. 11 1111111111 ’1111111111111111 111 1111111 111 11111111
1111111111 ’1111111111ἱί 11111111 111· 1111111111
. 1111111111. 11. 111-1111. Nu 1111111111 111111111111111111 1111111111 ,1111-
,1111111111 111111111111111111111111111 1111111111111111111 111111, 111111·
1111111 111 1111111111 11111111· 1111111111 11111111 11111111111111111111 Ι8111111
1111111111 11 1111111111 111111111111111311111111111111111111111111. - 111·
1111111111. k. 111-1211.
’ 1111111111111111111111 1111111 1111111111 1111111111 1111111111111111
1111111 11 1111111111, 1111111111 1111111 11111111111111 1111111111,
1111 1111111111 1111111111 1111111111 1111111111 1111111111 11111111.
181ιΙ 111-111. ¹ 111 11111111 1111111111 11111. 111 1111111111... 11111
, ’ 11111 1171.

111-1111. ¹ ' m

1111111111. 11111 ’1111111111 1111111111 1111111111 111· 11111111. 111

1 1111111111111111111111111111111111111111 1111111111 1111111111 wia* ·
11111111. 11. 1111- -11111, -
111111111111111 11111 16, 101 11.

760. 1111111111 1111111111, 1111111 11111111 1111111 w XVI! 1111111111

”; 1111. 511.
11 11111111111 1111 111141111 snus 11· 1111111 1111 111111 ,11111111

111111 111111111111111111 111117. ,111111 -1111, ·- ’1111111111111111111·,
11111 1111111111111111. 1111. 1111-11111, ·

Str. 1-—5 11111 11111111.

761. 1111111111 1111111111, 11111111 111111 1111111 1,.’1111 11111111
11. ,
1111111111 411111111111111113· 11111111 1111111111. 1111141111.

1 111 1111.

1111111111 1111111111 111 11111111 rev. (Ionstnmini 111111111111111.
11111111 1111 1111111111 111 71111111 111 1111111111111111111111 11111111
1111111111111111111.

762. 111111111111111111111, 11111111111111111111111ῊΙ 1111111
4⁰; 11111 115. (1111111 1111111111, 1111111111.
1111111111Η.11.
2Γ111111111111111111111111
1111111111111Η1111111111111111111
111111111111111111111111111 111
k. 11 191. Ν1 111111 1111 111111 1111 11 111111 1111111
fflmfiwfflmmmmwssmmmwwmwwmfflfflmmm
11111 11111 111111 11111 1111111111111111 11111
11111111111 111111111111111 1111 111111111111
mwmwmmmmwnmmwmnmmmm‹wwmffl›fflwwm
1111111111 11111 Η111 1 11111 11111111111
1111111111111111111111 1111111111
111111Μ1Λ111Μ111
1111111111111111·11111ῑΗ11111111111
1111111111Ἤ ΙΗ.Μ111111111
1111111111 1111111111111 111
111111111111111111111111.11Η1Π1
111111111111Ἶ111111111111111111111
ιψὴωὼΨΝΜὼώψωηωώςψψώωεΜωὼήψῶ
11111111 11111111111111.111111111 111111 11111
1111111111111111Η1111111111111
111.111111111111111111 111111111
11111111111111111111 111111111 111 111 11
11111111111111111111111111111111
111111111111111 1111 11111111111111

committo.
1⁰⁸

 

