1111 7114.

1111 1101111 11111 ,11011 111. 1111111 1101111110, 110 1111111111
11111111· 1111111111111111 1111111. 11. 111 111

2111 5111110 1111111111 121111111111· 1111 ,111. 1111111 111111111111111
1111111101 11 1711. 11. -111- 1112

2111101111 mv. 111111111110, 1111111111 kur.. 1111 11111111.
,111111011111110011111110111111111101011 1111111111 k, 111ι 111.

221 1111111111 1111111111111· 1111111111 1111111111 11· 11111111 ,111111-

1110. 1111110111· 1111111111 111 1111111111 1712. 11. 1111- 111,

- 2211 11111 1111110111111111111111111111 (11111111 11111111111111.. 11111111-
. 1101101010 1110 1111111111· 11 1111111111· 1111111111, 11.-11111 1111 ,11111111
111111111111111· 111111 1111011111111111111110 011 11111110111111111111 1111111110
10 1111111101110111111 110111111111111 1 1111111111· 111111· 11101111111111-
’ 111111. 11. 1111--1111
211 1111111111 ’111111 111111101111111 111 1101111 11111110111111111111·

prm 11. 11111111111110, 1111111110111. 111 1101111111 10111111111111111111111. ·

k. 1111 1111.

2111 11111111111111111 111110111111 1110111111111,11110111111111110.
k. 111-1111’.-1,1.111 mort: 1111 1111111111 1110111111111111111111111111111
7111111111· 111 111101· ,111111 Ι11111111. 7, 1111111111 21 1111 17111.
k. 1(111’-1111.-110.1111’. 1111111111·111011111’. 1111. 11. 11111 11111.

2111 1101111 ,11111 1101111010, 1101111 ’011 1101110111111111 11010·
1111111111111110111111111110, 110 ,111. 1111 1111111111111111 10111111 1111-
111111 1 W. X. Ι. 11 1111111111. 11.1111’-711

271 1101111 ,1111181110111 111.-’1111111111 11111110, 11111111111111111
11111111 1111 11111 1111111110110111, 11011111111111 1110111111 1111111-
11111111 1101011011111111 111111111111111.11. 711-71.

7 2111 Ἴ110111 ,11111 1111101111110. 11011111111111011110. 1101111111

1001111111 11011111111111 Ι11011111111111111110. 1111 111. ,1111 ,11111
. [mulsa 11010111 1101111101 1 W. N. 1,. 1111111111 111101111101
’1111111111 17311. 11. 71-·72’. ’

211111111101111 111. 1111 Ι1111111111 1 11 1111111111 111 11111111
1111110111Ιί «lie 12 81111111111111 1733 1111111111. 11. 7241 1’.

2111111111111 1111111 111 11111111· 111111111111111 11111111. 1111111
11101111111111111101111·11 11111115111111111111 175111. 1. 71- 71111111.

:m 11111111 110 10111111· 11 1111111111 1111 111111111111110111111111·
boz 1111011111111100. 11. 71111111 77⁴.

321 110111 1111Ι 11111111101111111110. 1111110111 11111111111111111.
110111 11101111111111111 11111111111111111010, 111111111111·11111101111111111111111
, w 1111111111 wem. 11. 77· 71111111.

1111 1101111 ,11111 10171110 111111111111101111, 0111111110 11. 1101..
[my 1111110011 10111111 11111101111110111111110 1 1111111111ἰο 17111
die· 211 1111111111. 11. 711111111-77111111. -- 1101111111 1111111111111111
1010111011 11111 1· 111111 111111 11011, 1111111 1111111111 11 1111111111.
1111111 [1111110111 joun 111111 111111 1101011111. 11. 7711111711. -
11011811 10101 11111 1111111101οι111 m 111111 10111111110111111.

111) 1111111111 1111111 Augusta. 11. 711-711.

⁷0⁴· 111 -

21111111111111111... 11011111 11111111111111111 111111011111111110 1111
11111111111111111111110111111111111 11· 1111110111· 1110 131 11111111 172111 111 ·
,111 1111111111 1111111111111111111111 11111111 1. 711--11

11111 1111111111 ,11111111 11111111 11111111110111111110 Ι1111111111 1111111-
11111111 110111111011111 111 1111111111 ,11111111 w 1111111011 1110111111
11 1111111 171111. 11.1111--111’.

1171 1111111101111110111111111111111. 1111111110, referendam
1011111110, 11111111111111111110, 1111 10111111 1111111111111111 1721.
1, 111 112. -- 1111111111111 ,1111111 111111. 111101. 11. 112-1111. -
,11111111 111111. 11111 110111111111111 1111111 1111111111, 1.1111’-1·11-1.

11111 1101111 1111111110 111111 1111 1111111111 11111111 11 1110111111.’
k. 111.

· 111) 11111111 ,11111 111111111111111110. 1110111110 11111111110110

111111 11111111 1111111, 1111111011 11111111 1101.. 11 111111111111 11111110-
111111 111111111111101 1751111111· 7 1111111. k. 111’1·-111”1’Ι

1111 1111111 ,11111 5111111111111111. 1111101111 111111111111110,
111 ,111111111111111111 11· 11111111111011102 11111111 17211. 11.111’1’-117.
111 11111 111.-1111111111. 1101111111011011111 1 1. 11. k. 117--1111, ⁴
1111-1111’. ·

121 111111101111111111111 1111 11111111·1111111111111, 1101111111111111111
11111111.1111.Ι111“. 1111111110, 11110111 1111111110, 111101. ,11111 ,111111
,1111111111111111111, 1111011011. 1111111111 11111 11111111, wo 10101111
111111 111111 171111. 11;1ἰ·--1.17’.

»1211 1111 .1111’, 111111111111110101101111110 1111110111111111011111
,1111 1111111011111111 171111 11. 117,

111 1111 ,111111111111111 1111111111010 1101111. 11111111111101111-
,11111011111111 Ι*1111111111 17111. 11. §la-{¹82 - 11111 1111. 1111111111
11111110 1111111111 1101111111101 110 111101.1111111110110111111110110.
k, 1111-1111,

1111 111111101111111Ι 11 1111111· ’1111101 1101101011111111. 11. atr-w.

111) 11111111101111111· .Ι111’. 11111110111111110, 110111101110111110 110101111-
111110, 1111111111 1111111111, ,111. 10111 ,11101 11111111110111111110111111
110111111111111 1111111 171111. 1. 1112,

1711111111111111 111 11111 11110111 111111. 1111011111. 1111111111·
1110 11 111111 17111. 1. 1112-1112.

1111 1111111111111110. k. 1112. 1711ἰ-177. 111.·1.

1111 1111111111111111 11111111 1111111011 11111110 anno 1731.
11. 1111- 1111.

11111 1111 ,11111 1111111111 11110110110110110 1111101. k. 11111.

1111 1111110111 111111111111111111 ,111111 1101111111 1111111111111711111 brze-

τ Ι11111111101011.111111111111111111. 1. mss-nm.

Ι 112) hist 1111111111111 ,111111 ,1111111111 1111 1101111111. 1. 11111. - 11111
11101. 111 ,111. 11111 ,111111 1111111111 1101111110. 1. 12112
1111111111 1 11111011.-Ι .1111’. 1111111111 11. 1101. 110 ,1110 11101

1111111111 1111111111. k. 11111. 11011111111111101110111.11. 1117.
111) 11111 11011111 1101 ndu-esu i podpisu. 11. 107-1117’
1111-111, 11·1’-1111, 1111, 12224112

11111. 111. 1111101111. τ. 111. , 11

 

