20 mn

11) 111111111111 1111. 1111111111 1111111111» 11111111 1111111111-
11111111 1111 111111111111111111. 1111, 11 1111111111 111111 11111111111111 1111
111 ,1111111 1771, 1111. 21111. - 1111 1111111111 111 111111.. 111, 111111.

12)1,1111111111111111 1111 Λ, 1111111111111111 1111 1111111111111111111
“ 11111111121111111111111111111 111111.111.111”111-111111, - 111111111111111

’ 11111111111111 do 111111111111111, 1111 w 1111111111 7 11111111
r. 111111, 111, 21111. - 11111111 1111111111’1“111111111111111111 X. wi-
111111111111111 do Χ111 ,111111 1111111111 1111111111111 11 1111111111
1711111111. 1111111 na 1111111111, 1111111111 111,7.11111111111“1111 11111
-1 1111111 111311. 111. 2111, ·- 1111 ,11111Ι 111111111111111 1111111111.
1111, 21111-2111, - 110 ,1111Ι 11111111 1111111111. 111, 2111, - 1111
1111), 111111111111 1111111111111110.111,2111. 11111111. 11111111
1111111. 111111, 1111, 2111---2112, -· 1111 11111), 1111111111, 1111111111
1111111111, od .111111“11·11111111111ο, We 11111111 1111 11 1111111111 1111111.
1111, 2112,

13) 1111 1111). 11111111111111 111. 11111111 1111 11111, 71111111 1111
16 1111111111 1771 w 111111111111111111111, 111. 2117,

· 11) 1111111111111111111111 11111111 11111111111111111 [1111111111 ⁴

1111111111), 1111, 21111--111111,

111) 1111111111111111 1111111, 11111111 1111111111 11111111 111111111111
1111111111 111 1111111111111111111.111. 21111,

, 111)11111111 1111111111) 11111111Ι 111111111111111 1111111111) 111 1111-
’ 11111111,1771,1111,21111-2112, 11111111111111111111111111111111-
1111111111, 1111, 1. 1771 1111 211 11111111. 111, ‘hm-2⁸3.

17) 1111111111 1111 ,1111111111 1111111111111111111111111111111111111111
11111211, 1111111 1 111111 1111111111 1111111111 1111 11111111111111111, 11111
1 1111111111 11111 111111111111111,1111111111 1111111111 11111111111111111111111
1111111111111111111111111111 1111111111 111111111111111111 111 111111 11111-
· 1111111111. 1111 1111111111 1111111111 1 11111111111111111111 11111111111111111111111
1111111111 1111111111 1111 1111111111 111111 1771. 111. 21111 - -21111,

111) 1111111111111 1111.11111111111111111111», 111111111111111 1111-
111111111 111111111111111 111111111111111 1111101111111. 111111· 1111111111
1111121 111111111771, 1111, 21111. - 1111111111111111111 11111111111111111ε
1111, 1111111111 1111111111111111111111 2111111111111 1771. 1112117--11111, -
1111. 11· 1111111111 11111 111111111111111111 11111 1771. 111, 21111-21111,

1111111111), 1111111111. 1111111111111111111111111, 1111111111
11.1101,,111 1111 ,1111111 1 ,1111111111 1111111111, 111. 21111-2111.

- 1111) 1111111 11111111 1111111 17111. 111, 2111.
111) 1111111111 ,1111Ι 1111111111111111, 111111111111111111111111111,

, 1111111111 111111111111 111111111111111111 111111111111111. 1111111111 in

11111111 1111111111ηεί 111. lv 111111 111111111.]111111111111.11111111,

prox 11. 11. 1771, 111. muz-330.
¹ 112)11111111111 111111111 1111 1111111ιηί1111, 11111111 1111111111
1111111111 11111111. 111111 1111 w 1111111111 11111 211 Aprilis 1771.

- 1111. 3112-311,

,11) 1111111111 1111111111 1111111111 dn 11111111 11111111 11111111
nomm 1 [111111111111111 111111 Porta 1111111111, 1111, 331.

1111. 29

1111111111111111 nali. 1111111 1111111111 1111111111111111111111111
1111111111111111111111, 11111111111111 w 1111111111 2111111111111. 1771, ¹
m· ς1111))11111111 1111111111 111111 111111 11111111111111, 1111111 1111111111·
11111111, 1111 11111111111111, 111. :ms-xm. ⁴

1111) hist 111111211111111111111111, 1111111111 11111111111111 1111·

111111.111..“·1,·111-ι11111, 1111111111111111, 1111111111111111 1771, 1113111, ᾖ
117)1Ἲ1111111111 11111111111111 111 1111111111 11111111111111111111 . -

1111111. 11111.177111111117111111111312111111, - 1111111111
11111 1111111111111111. Dan w 111111111111111111111111 1771, 11111711-1177.

1111) 1111 ,1111181111111111 11111111 111111111111111, 1 11111111111111
11 11111111 11111 11111111111111111, 11111111, 111111 1111111111111,Χ. 1,.
(1111111111. 111111111--1111 1111111111. 1111111-3-111. 111111111111-
1111111. 111. 11111, ·- 111111 111111 1111,111111111111111111111111111,
1111. 11111,

1111) 111111111111111111 1111 ,1111’..11ι111111.1,111 11111111 1111111111ῐηί1
111111 p. 11111111111111 111111 11111111111111111 1117.11111111111111111111111-
11111111111111 w 11111111 1111111111, 111, 311.

1111) 1111111111 1 111111 111111111111111, 111. 11111.

111) 11111111 1111111 1111111111111 11111111 11111 11111111 11111111
nn 111111 11 ,1111111 1111 11111111· 111111111111111111 1111111111 1111111.
1111. 3111-«1111. .

1111)1111111 ,1111111 1111111111111111, ,11111111 1111111111. Actum
111 11111111111111111111.. 1111 111 Augusti 1771. 1111, 11111-211111.

1121111111111 111 11111111 111111, 111111 1111111111; »1111111111
1111111111 111111111111 1111111111 111111,11111111111111111111 1111111111111
1111111111, 1771. Ι111. 111111 --11111 .

111) 11111111111111111111111111111111111111111111111111.11113117-11112,· · ’

1111) 11111111 11111111 1111111111 111 ,111111 1111111111111111111111111
w 81111111. ,11131112 111111,

11111111111111 11111 1111111111111111 1111111111 11111111111111111111
11111111111111 11111111111111 17711. 111111 X. 11111111 ’1111111111 S. ,1.
111. 31111-*3711 ’ >

117) 111111111111111111), 111111111111111.1111111111111 111111 1771. “
Ι111, 11711-3711. - 11111 11 111111111111111 1. 1771,.111.21111-ἕ1111.

1111) 11111111111111111. 11111, 111111111111111111111111 11111111 111
r. 17711 Κ11111111111 1111111, 1111, 377-,1711 .- Dan 1111111111, 11111
11111111 111111111111111111111Ι 1771, 111. 3711-3711, - Dan w 0110110
111111 11111111 1. 1771, 111, 11112η 3111, - 111111 1. 1771 1111111111 1111111.
1111. 31111--111111, ’

(1111111111 110 1111111111111111 11111111 1111111111 ,1111111111111111111
1111111111 1111111111 1 ,1111111 1111111. 1111111111 1111111111. Actum 111 .

’ 1111111 1111111111 1111111111111 1771. 111. 11711 1111111,

711) 1111111111 1 111111 111. 1111111111. ,1.11111111111111111] 1111
11111 111111111111111 11 Ι1111111111111 1771, 111. ,11111 -ἕ1111,

71) 1111111111 111111111111111111 ,11111 1111111111111111, 11111111
1111111111) 1 111111111111 111111 1 1111111111 1111111111111111111 1111111111111111,

 

