210 ⁷20.

«11111111111111111111,11111111 1111111111 »11111111111111 ,Ι

11111111111111 7111111111, 1111111111111111111111 1111111111 17711
, 11111 11111111111111 1111111111 1111111 11 111111 W. ,1111111111

111111111ὶ1, 1711111 1111111111 111111111111111,.. 1111111111...

11811111111111111111111,1111111111 11111111 111, 1 11111111 ,

111111 w volsco 11111 111111, «inin 1 1111111111 171111 1111111111.

k. ¹2-23. — angi 1111111111 1111111111 1111 1111111 1111111. ,

¹ ii) 11111, 1111111111, 11111111 1111111 Ji). 1111111111111-
1111 1111111111 11, .111’. ,miz 8111111111 1111111 111 1111111111
1 1111111111 111111111111111, 1111111111 1111111111), 1111111111
11111] 111111, 11111111111111. 1111111111111111111, 7111111111, nisu
, 1111111111, 11111111 111. 11111111, 1111111111111111111111111111
1111111111, 1111117111 1111111111 ν. 1111111111 1111111 1111 1111
(1111111111 111. 11121 1111111 11) 11111111 11111111111111111111

’ 11111811111111(1111111111, 1111111111111111111111111, ι1111111

’ 11117111 111111 11111. 1121- ’1112 - 11111111 1111 11111111,

. 111111111111111,111111 iiii· 111 81111111111 ,111111 ,11111111-

1111111111111111 111. ,11111 ,11111 8111111111 11111111 nn 1111111111 ,

. i ,1111111111 11111111111111. 1111111111 1111111. 11111111 10111 111..
- 11111111 111111Ι 111111, 1111111111. 11111. 1111111111111, 11111111111111.
1111111111, 1111111111 111, 11111111, 1111111111111111111111] .Ι11’.
1111111111. 11111111] 111111 111111 1111111111 1117. ,11111Ι 11111111·
1111 1111111111, 1111111111, 111111111111111 1111111111 1 1. (1.
- ,iau-45.
7) 1111111111 1111111111. 11111 1111111111, 1111211 111111 17113
· 1111111111 1 11111111 11111111 1111111. 11, fia-iii.
11) 1111111 111111. 111. 8111111 1111111 1111111111111111. grand
. 1111111111 dii 11 1111111111 11111111 111111Ι 11111 11 111111 111
1111111111. 11. 111----1’111. - 1111, 1 1111111111 171111. 1. 112--1”12’Ι
ii) 7111111111 1111111111 11111111111111 111111 1111111 1111-

111111 11111111111111111111111112811111111111111511111 Μ’.

111) 11111111111111 1111111111111111111111111111111111111. Drinio
11111· 111111111111111211111111 mii. 11. sifi 111.
· 1111111111] 111111 1111111111 1111111111 111111111111111
27 1111111 17111111.

¹2) 81111 1111111111111 1111111111 211 1111111111 17111. 1. iii.

11) 111 1111111111111111 1111111111 1111111111111 111 8111111111 ¹

111111111111. 1111. 11111111111111. 1111. 111 1111 11111111 11111111-
111111111111. Z 1111111111 iii 1111111111 171111, 11111 1111.

11) 11111111111111111111 1111111111 111111111111111111
11111111111111 211 1111111111 17111. k. 1111- 1111.

iii) 1111111111111111111 1111111111] 11111 111111111111111 111
’ cane] 111111111111 1111111111 na 11111 21111111 17111. 1. 117 ·-111’.

’ w) 11111111 1111111111 W. 11. 1,.11111111111111111 1 1111111 1111-

111111 111111111111111,1111’111111 1111111 17112. 1. 111- 1172

711. 111

17) 111111 Χ. 81111111111111 1111 11111111 1111111111111111
11, .Ι11“. 1111111111 111111 (1111111111 1111111111 111111111111,1111-
111111 111111111111111 ’331 1111111111 17117. 111111--711, - 11111111,
11· 11111111 11111111 11, 11111111 111111111111111 11111111 11111111
11111111. 77 ¹77¹. , -

111) 11111111111111 111111 1111111111. 1111111111 111111
11111111111.1.711 711. 111111111111111. 7,11“111111112111111111.-’11
171111. k, 1111- 111, 111 11111. 7, 1111111111 27 1111111111 171111.
11111 111Ι 111 ,11111 1111111. 7. 1111111111 21 1111111111 171111.
k. 111 iil', 1111 11111.. 7.11’1’111111”.1“1“ 1111111111 171111. 11111»-
111111117111111111111. 'aiiii—«iiia 21 1111111111 miii. 1. iii-⁸32

1111 1111111 ii 11111111111111. 11111 11 1111111111 211 1111111111
17111. 11. 111 111.

2111 11111111111111 11111111 1111111111, 1111- iii'.

2111111111 11111111. 11111 1111111111 11 1111111111 111111
:i 111111 17111. k. 117- 11111.

92) 1111111111 1111111111111,111111111111111. 11111111 1111111111.
1. iili -117, 11111-Δ 1117. 1111- 911121 “

’2111 Ν1111111111111111111111111111111 diutissimae. 1. 1111 -1211,

2111111111111·,11111111 111111. k. 128--1322 1:1⁸2-141',
1711--11111,1111’ nimai 285. ’, ·

11111 1111111111 1111111111 1111111. k. mer-4237.

111) 11111111’1111111111 111111 1111111 11111111 ,11νὶ, Ι1111 11111-
11111, 1111111· 1111111111, 11111111 11111111111111 11111111111111111111.
1. 1111 11111.

⁸27) 1111111111 1111111111111111. k. 21111 2111.

⁶2⁸) 1111111111 insilii-n. 11. ’3111 9111, 11111 41:332 ‚

2111 Fui-inulam· 1111111111 1111111 11111111111111111111 11111-
111111111111 invias 1111111111- 11111111111111111111111. 1111111111·
111, 111111111111111111Ι 111111 1111111111·11111111.ι 11111111, 11 1111111111

’ ’11111111 1111111 1111111111 111111 17111 iiii· 1211111111 1111111111111111. ·

1. 22111- 1111111 2111, 1111111111. 1111 111111.

1111) 1111111111 1111111111. 1. 2111 ‘2572

31) 1111111111111111 111111111111111. 1. ‘iiiii-275. 11111 1111111111
1111111.

1121 11 111111111111111. k. 2711.

,1511111111 ‚ci-iiiiii manualis 111111111111111111 1111111111111
111111 1111111111 111 1111111111111111 1111111111 1111111111.
k. 2111· , 277⁹. 111111 1111111 111 1111111111 aii 1111111111 111111
1111111111 11111111 1111111111, k. 2772 111111 1111111. .

:iii 11111111111111111111 11111 1111111111. 1111111111 11
1111111111 11111111 11111111 1 11111 1111111111 i. 1111111111 1111111

1111111 1111111111 111111111111111111111111111111111111111 11· 11111· ,

111111. 1. 111111 1, 11111 1111212

11111111 Ι11111111 1111111111 11111111 11111 11111111111111
1111111111 1111111111 11111 171111 11111111 1111111 11111111 snb
11111111111111111111 1111111111 111111,.111111111 1111111111 1111111111,

w

 

