= 111 tm.

1211111111111111111 111111 1111111111, 11111111111111 nonnulis:
1111111111111111111111. 11111. 17 3111111111 1772111. 132. 11111.
“ 11111111111772111133. 111111111111111773,111,1.“17 1311,
Ι11.1Μ1’. 1111111111111111, 1111111111 11111111111111111 111111111111111
11111111 1111111111. 1111. 11 11111111 1773, 111. 1311-137. - 111
111111111111. provisionis annonariae 1111111111 1111111111111111
1111111111 11111111. 1111. 11111111 1773. 111, 1311Ι - nntnnnnnt
1111111121.1111111111 pnwnnn 1111111111 11111, 1111111 11111111
1111 22 1111111111 1772. 111. 133- 131. - 1111111111 111111 111
11111111 111111111111,11111111’1111111111 111111 n· 11111111 21111111-

. nris 1772. 111. 131-1311.

1131 1111111111 1 1111111111 111111111111111111111111111.Ι111111111111,
11111111111111111 1111111111 1111111111. 11111. 111 1111111111 1111211 11·-
11111111 1773. 111, 1311. - 1111111111 1111111111 111 1111111111 111
1111111111, 1111111111 1111111111 11111111 11111111111111. 1111. 11111111
1111111111 1773, Ι111. 1711 1111111111 1111111111 11111111111111
1111111111, 1111. 11111111 177311 1111111111, 111. 133.

Ι111 111111 «1111111111 111-1111 111111111111111111111111 1111111111

, , 11111171111111111111111111111111 11111111 111 111111 Ι11111111. 111111111-

111111111111111 [1111111111 1111 1111411111 1773111. 1334111.
“ 1111 11111111 nnn-ns ,11111111111111 1111111111 1111111111111

’ 1111111111 ι1111111111 111 111-1111111111 1111111111. 111111 1· 1111111111...

11111 1311111111 1773. 111. 111-1111. - 1111 1111111 1111 11111111
117111111111 1773 1111111. 111. nnn-nn. - 11111111111111111
11111111111111111111 n 11111111111111111111111. 11111 1 11111111-

1111...11111”11111111 1773111. 1111-11111. - 311111111111111111111 11·

1111111111 [11111111111111 1111111111 11111111. 111. 1112 1113.
11111 1111 Ι1111Ι 1111111111 1111111111. 1111111111 11111111111111 11111-

’ 1111111111111111 1111111 111111 1111111 1773111. 117.

1171311111 1111111111 11111111 w 1111111, 111111111111111,
111. 117. ’

11311111 ,1112Ι 11111111111111111111111, 11111111111111111 1111111111,
, 11111111111111111 11 1111111 1773111. 1171 1111.

11111 11111111111111 11111111 11111111111111111111111 11111111111111111
111111 11111111111111 111111 2311111111 1772 11111111. 111. 1111--1112,

111111111111111 1111111111 1 11111111111111111111. 1111. 1111111111

, 1111221“11111111111 1773111. 1111- 1111.

111111111111111 11111311111111111. 1111111111 1111111111 1111111.
111 1111111111 11111 13 1111111 1773 1111111111111. 1111. 11111111

’ 1111 211 11111111 1773111, 'nn-ann.

. 1121111111 1111111111111·1111111, 1111111111 1111111111 dn 1111.

· 1111111111111111111, 1111111111 11111111111111. 1111111111 w,¹ 111..

211 Martii 1773 z ’1111111111 111. 11111. - 1111 nn: 1111111111
31111111.. 1111111111 111111111111, 1111111111 11111 2111111111 1773.
ω’ 11111111111111111 n [1111111111 11111 ,11111 1111111111 1311111111
1 1 1111111111111111111111 111111111111111 ν. 111 1111111 1111111111111111

nvn-um ⁴1

1111111111. 1111. 1111111111 211 1111111111 1773, 111. 1117-1713. ²-
1111. 111111111111111111 «1111111111. 11111111111111111111 111111111111111
1111111111. 111111 nnn-smnio... 1111111 1311111111 1773111, 11111.-
11111 1111. 1111111111. 1111111111 1111111111111, 111 1111111111 1111111111.
1111 31111111 1111271111111 1773111. 111. 1111111 11111111 1111-
1111111 1111111111111111111111 1111111111, 1111, 1111111111 1111 13111-
1111111 1773, 111. 17111. ’1112 pn 11111111. 111. 1.·’111- 11111.

1111 1111111111 111111 1111111111 11111111 1111111111, 111. nn. -
31111111 11111 nix. 111111111111111. 1111111111111111111111111111. 111 1111.
1111111111 11111111111111. 111. 1111. - 11111111 11111 7, 1111111111.
111. 111-11111. - 1111111111 111111 71. 111111 1111111111 1111 111111
2111111111 1773111. nn.

. 1111111111111111 1111 111111 111111111111111111· 1111711111 1111

111 1111111111 1773 1111111111111111 111 11111111, 11111111111111 lun· ’

1111111111... 1111111111111111 1111 22111111 1773 1111111. 111. nnn-171.
11111 11111111111111111111 1111111 1111111111 111111111111111
2211111111 1773 1111111111111 111 11111111 1111111111 11111111. nn.
11 1111111111 1111 2111·“111·11111·11 1773111. 172-173.
117111111111111 111111111111111 11111111111111 1111111· 1111111111
111111111111111111 1773 11111 1111111111111111111111111111111111. 177.
1111111111 nn: 1111111 3111111111, 11111111 1111111111111,
1111111111 31 1111111 1773 111 1111111 1111111111111111111] 11111111.

111. 177-1711,

1131 11111111 11111111111 11111111111111 nrm-kion» 1111111111
11111111 111 11111 1111111111, 111. 1111. ·-· 1111111 11111111 dn
111111111111131. 1111111111 11111111. 111. 1111-1111.

7111 ’11111 1111111111111 111111111111111 1 11111111 111111111111111
11111111111111 111111 11111111111111 1773 11111 11111111νί111 111 111·
111111 11111111 11111111111111111.111. 11111--11111, ’

711 1111111111 1111111111111.1111 11111111111111 1773 11111 22 1111111.
111. 1110.

721 1111111111.111Ι’. 111111111111111111111111 do 11111111 1111111111.
111. 11111-1111.

731111 1111111111111 111 1111111111 1773 1111111 11111111
11111111111111 11111111. 111. 131 1113, -- 211111111111111111* 1111111111
11111111111111. 1111. 1111111111, 111. 1113.

711 1111111111 ,11111Ι 11111111111111111111111111 11111111 1111111111
111111111111111111111111. 133 1111. ”
7711 11111111111111 111111 11111111 1111111. 111. nnn-nn.

1)11·1 1111 11111111 111. 1144. 15--111, 45-«411, 114--67,

120, 148--1511 nie 1111111111 1111 111. 1115.

572. 11111111 1111111111. 111111 111111 11111111 11311111111111111
7111111111111111111111111712111 ΙΙΙ. 11111111111111111 1771 11 1772.
1) 1111111111111111111111111111111. nonnemo i historycnnn:
111. 1, 11-17. inl-114, 1111--1211, 113-111, 111-111),

 

