206 070.

1111111 11111111. 1111. 1111111111 1711111 1111111. 1. 1111- -11111, --

[1111111111 pro 11111111 11111111111111111111111111111. 1. 11111- 1217.- 11111- ’

111111Ιί0 possessionis 811111111111111111. k. 11111 41111. -- 1111111111 11111
1111111111211111111-1111111111111111 111 111111 111111111111111. 1111111111 Ν11-

1111111111. 1111111 11111111 111111. 1. 2211. 2211. 1111111111 111·

11111111 111111111111111111. 1. 2111· 21-1.
11111111111111111111111111111111111111111111. 11111 -1117, -- 111·
11111111111111111111111111 1111111111 111111111111111111,111111111111111111 1111

111111111111111111111. 1. 2211 -21111, -- 111111111111111111111111111-. ¹

1111111111111. 11111. 111 11111111 1111111. 11. 2111.

1111111111 111, 111111111111111 1111111111711111111111111,111111111- ⁴

11111111 11111111111111. k. 21111 2111, -- 1111111111111111 11111111.
11111--111, -- 1111111111 1111111, 11111111, 1111111111 111111111111111

’ 11111111111111. 1. 2111--2111, -- 11111111111111111.7111111111111111,11111-

11111111 1111111111. 1. 2111. - 11111111111111(11111111111111111111.1111111·
111111111 11111111111111, 8111111111 Ι111111111111’111,’ 1111111111 1111111111.111-
111111111111111111111 11111111111111 11111111111,1111111111111 111Ιί111111,
511111111111111111111111111, 111111111111111111111111 1111111111, 11111-
11111111111. 1. 2111-231’.

1111111 X. 1111111111 11111111111111111111] 111 111111111’11·11111·-

· 111111. 1. 42-111.

1) 111111 1111111111 ,111 1111111 111111 1111111111 111 1111111111
· 1111111111111 111111. Ι111111 Ι1111111111. 1. 112. - 111 1111111. 1111. 12 111-

· 1111111111 1111111, 1. 2112. 11111111111111111111111 1111111111111111.

1111. 21 Ι1111111111111 1111111, 1. 71. -- 11111111111111 1111111111 1111.
1111. 111 1111111111111 11111111 1111111111. 1. 1111. - 1111. 1 1111111111
1101111111 11111111. 11111 -1111, - · 111111111. 1. 1711-1711. · 1111
1111111111 111111111111111111111111, 1111. 111111111111 21181111111111111

’ 1111111. k. 11111--11111, - 111111111111111111111111. k. 112 112. -- 111121-

1111111111. k. 1112, -- 11111111111111111111 1111111111. k. 1112. -· 111
111111111111 111. 1111. 11 8111111111 111111. 1.11’12’--11’1.”1.- 1111
1111111111111111111111. 11111. 1111111111 3111111111 1111111. 1. 11111’·-11”111,

y - 111111111111111 1111121.. 1111111111111 1111111111 11111111111111]Ι 1111.

1111111111 12 1111111111 111111, 1. 11111. 1111 111111, k. 221 -2211,
- 111 11111. 112112-22111, -· 111111111111111111111111. k. 1711---171
- 111111111111111111. 1. 171. 111111. 11111111111111111111111111 1111111
111111111111111111 1 1111111111 111. 1111. 17111111 27 Ν11111111111
1111111. k. 111-1711. - 111111111.11111111111111111111111. 1111.
11 1111111111 111111. 1. 222. 111 1111111111111111 11111111111111.
1. 111-1111, 7- 111 1111111· 1111111111 111111111111111. k. 1111. —- 111
111111 111111111111111111111111 111111 11. 1111111111. 1111111.- 111
111111111111111111111111111 [11111111 111111111111. 211. -- 1111111-
· 111111111111111. [1111111111111111. 1. 2111-217. - 111 111. 1111-

111111.1111.1111111111 111111. 11221·- 1111111111111111111111111111 1

1111111111111111. k. 2211--2211, ’κ 1111111111111111 111111111111111111-

11111111 1111111111. 1111 11 1111111111 111111. . 2111-2112. - 111
1111111111 1111111111111111 pacificationis 111117. k. mcv—2472 -

evo-svn. 1111 >

1111111111111111111111 1111111 81111111. 11. 2111. - 1111111111 11111111-
1111111111111111111 1111111111 111111 1111111111. 1. 1111’--11111’.- 1111111111
111 1111111111 1111111111111111111111111111111. ssus-³212. - 1111111111
111111111111111111, 11111111111111111Ιί1111,111111 11111 1111111111 111111.
1. 2211-221. ·- 1111111111111-1111111111. 11.111-111’.- 1111111111
pro 1111111111 111 casu viduitatis 111. principis Noolmrxicm
11. 2211’-227. ·- 11111111 11111111111111. 11.1111*1.·111’.- 11111111111
w 1111111111 1111111111· 111111 1 1111111111. k. 22111.

11111111 1111111111 ,11111 ,11111111 111 1111111111 111. 1111
[1111111111111 1111111111 8111111111 l 1111. w 7111111111 28111111111111 .
1111111. k. 1111. - 1111111111 111 111111 1111111111. k. 11111-1117, ·— 111-
11111111111 1111111111 111 11111111111111111. 1. 1111- 1111 11181111111111.
1. 1117. - 111111111111111 [111111111111111. 1. 211.

11) 81111111111111 111 1111111111111111111111111. k. 111-1111.

· s») 11111151111111111 ι11111111, 111111111111111 1111111 prinoipem
11111111111111111111111111111111. 1. 1111. »- 1111 1111111111 111111111111111, „
1111. 1111 111111 1111111, 1. 1111-117.·-Ι11111111111111 11111111111111111111111.
11111,11111111111211011111111 1111111. k. 172‘. - 1111111111. 11111.

7) 11111 1111111111 1111111111 11111111 8111111111 111111111111111.
1123 --2372 -

μ111111111111111111[1111111111] 111 1111111111 11111111 111111 ·
1111111. 1111111-111- 1111111 11111111111111, 1111 1111111111 111Ν1- ³
1111111111 1111111. 11. 2111-21111, 111111 111111. ,

11) 11111111 11111111 2 1111111 1111111. 1. 2111. ·- 81111111 1111111-

1111111. k. 2111. -111111111111111 11. 2111-2111.

277. 111111111111111111111, 1111111111 11111111 1111111111 w 1111111111
1) (1111114111111111101111 11111111 1111111111111111111 11111111

’ 11, 1111111111. 11 1· 1’. - 1111111111 111. 1111111111, k. 2.

2 1111111111111111111 111 11111111 111111111111111111111111 111.
111111 1111111111 a 111111 1111111111, 11111111111111111111, 1111111111
111 11111 111111 1111111111 11111111111111, 11111111,11111111111111111
1111111111111111111111111111 11111111 11111111 1 111. 11. 1. 111 1111111111
1111111111 111111111111111. 1. 3--1111,

11111111 1111111111 1111 1111111111 na 1111111111 1111111111 1 bet· '

mana polnego Lubomirskiego.

m. 11111111 1111111111, 1111111 11111111 11111111 1111111111 111111111-
1) (1111111111 ι1111111211 1111111111 1111111111111111 17117.

'⁸¹¹⁸' ¹'2’lffinffffi1 11111111. 1111111 111111111111111111111111111, 111111-

1111111 1111111111111, 1111111111111111111 1111111 1111111111 1111111111·

11111111111111 111111111111111 1111111111 17117 111111 0111111111. Ι

111. 1117-11111.

 

