η - mh.

11. 1111 · 1111. --1111111111111 11111111 111111111111111 1111 111111111111 111111-
1111 11111111111111 z 1111111111 111111111111111 ministra 1111111111
111111111311111111111.. 11. 11117 1111.
“ 11111 1111111111 ,1112111111111111111 111. Χ. 1.. 1111111111 11111111111
111 11111111111111111111. 1. 1117 1111.

371111111111111111111111111-111111111 1 1111111111 11111111111111111,
111111111111111111111111 11111111111111 1111111111 11111111 11111. 111111111-
11111111 ,111 Mei 11111 1111111. 111-111.

manifest 1111111111· 1 1111111111· 11111111111111111111
‘ skonrmlvmwnnyvh, 1111111111111111 1111111111. 11111111111111111111111111111
1011111111. 1. 117--711,

11111 11111111 1111 111111111111111 11111111. 1. 711 711.

1111 1111111111 111111111111111 11111111111111 1111111111 171111 1111,
211111111111111. 71’ 72.

111 11111111. 1111111111111, 1111111111, 1111. 21 1111111111 11111111
1111111 1111 111111111111111111 11111. 1111. Ι’1111111111111111111111111. 11111
, 1111111111 111111111111111111. 11111. 11· 1111111111 111111 22111111 171111. 11. 7112
- 121 1111111111 11 11111111Ι 1111111111 111111111111111111. 11. 75'.

1111 1111· 1111 ,11111 111111111111111111 1111111111. k. 711. 1111-
, 11111. k. 711.

111 11111111111 11111111 1111. 1111111 1111111111[1111111111 ΙΙΙ
do 1111. 11111111 1111111111111111111. 1111. 11111111111111111111111Ιί1 171111.
1177. - 1111 111117 11111111 7111111111 111 11111111 ’1111111111 11111.
11· 1111111111111111 211 1111111 171111. 11. 1111. ’

. 1171111111111111 11111111111111 1111111111111111. 11111 w 1111111111
. 21 lunii 171111. k. 77. “

Ι11111111111111111111 z 1111111111 11111111111111111 1111 11111111

·.111’. 1111111111 1111111111 11111111 ,11111111111111111111 11 11111

· 11 ,11111 71111 1111111111 1111 11 Novembris 17117 111111111111111 11111111

111111).111111111111111 1111111. k. 77-711.
17111111 (11111111111111 1111111111111111, ziam 1 1111111111 11111.
1 111111111111111111111111111 11111111 r. 171111. 1. 711 «1111.
11111111111111 ,111Ιὶ 1111111111 1111111111111111111111, posta 111111
1111111111111111. 111111111111111 1111111111 11111111111.11.1111--111.
’ 41111111111111111111 ,111111 1111111111 .1111111111111111111111, 111111111-
1111111111111111111111. 1111. 1111 211 111111 171111 w 111111111111111.
. 1111111111 111111111111111111111. 11111.
11111111 mx. 111111 1111 1111. 1111111111, 1111111111
· 11111. 111.
1111111111,111111111111111111- 111111111111111 1111111111. 11111.

’ ’ 1Ν111111111111111111111 111 1111111111 171111, k. 111-,1112

·. 11111111111111111 11111 1111 11111. Ι1111111111 1111111111, 1111111
1111111111. 11. 1111· 1111.
1111 1111111111 1111111111 3111111111. 1111111111 0111111111111111,
mutuala—rationo 1111111111. 11111111 111 1111111 1111111111... 1111.
211 Septembris 1711111. 1171172711 1111111 w 1111111111. k. 175.

MR.

11171 1111111111 11 111111111111111111] 11Λ11111111. 11. 1111.
1111117111 1111111111. 1. 11111. ,
117111111111111 1111111111 1111 11111111 1111111111. 1311111111.
k. 111-1111. - 1111111111 1111111111. 111111 11111111111111111,
1111111111 7. 11. 1111- 1711, · 1111111111 11111111111111111111. 11111111.
k. 111-,11111 vorekn‘wzyk. 11. 11117· ·-172.

7111) 1711111111111111 1111111111111· 11111111111111. 11111111 in 11111110
11111111111111 111111 111 1111. 111-11111 1111111111·Ι s. 1111111111 baptistae 171111.

. Ξ17-- -2,
k 14111111111111111111111 111111111111 1111111111111 11111111111111 1111111111.-
. - n.

11111 11111111. 1111111111111111111111111,1111111111 11111111111111111
111111111111111111111111111111111111111111121 111111 171111. 11. 1111-1111.

1111 1111111111 ,11111 1111111111 1111111111111, 1111111111 iudicii
1111111, 1111111111, 1111111111· 1111111111· 1111111111, 1111111111111 111. 171111.
. 1-111--11111,

112111111111111 1111111111 11111111 1111111 1111111111111111111111
1111 111111111111111111·1“11111’11’11.-·1’· 11111111111111111 1111111111. 11. 11111- 1172,

1111 111111111111111 .111’,· 1111111111-1111111 11. 11111. 171111. 11. 1172. ·
1111111111 1111111111 11111 1111117. 11. 1112.

11111111111111111 1111111111 1111111111, 1111111111 11111111111111
1111111111111111111111111111. 1. 1111. .

117111111111111111 111111111111111111111111 11 1111111111 1111111111
1111111111 disc. 1. ’1111111111 11111111 171111 1111 111 11111 1111111111.
k. 151* 1111. 'ro samo 1111 11111111. 11. 2117 *2122

11111 51111 11111111111111 11111111. 1111111111, 1111111111 1711111.
1111111 1111111111Ιί w 1111117111· 1111111111 1111111111. k. ¹63.

k ¹ 117111111111111 11111111111111, 1111111111 111111111111, 171111.
. 111. ’ ’ ·

11111 17111111 1111111111«1111111111 11111111111 1111111111. k. 11111.

11111111111111111111 11111111 1111 xvia ,11111 1111111111. 111111
1111111111 1 111111111111111111 1111111111, 11111 w 1111111111111
111 8111111111 171111. 11. 11117 1117.

7111 11111 111111111111 1111111111 11111111111111 1111111111 1111
1111111111. 11. 172 172.

’ 711 1111 11111111111111 1111111111111. 1111. 11 1111111111111111,171111 «

111123 11111111111111 177. 11111 1111111111111111 1111111111 111111111-
11111111111, 1111, 111 1111111. k. 1711Ἰ -171, 1111111111 1111111111
111111111111111. 11111 1111171111111111111111111. k. 174--4742
. 721 11111,11111111111111111111111 1 11111111111111111111111111111111111

111111111111111 [1111111111 1111111111 1111 1111. 7111111111, 1111111111
W. X. 1., die 7 Septembris 171111. 11. 1711. “

7111 bist 11111111111111111111 1111111111ιί 11111111111111111 oko-
1111111111111. 11. 177· 1711.

7111111111111111 ,11111111 1111111111111111, 1111111111 11011111
1111111111111, 1111111111 11111111 111111111111, 1111111111 subalterna
1111111111111111111111 w 1111111111111111 1111111111. 11111111 1111111111111111

 

