130 71³.

1111111111 1111111111 1111111111. 11111 111111111111111 111 8111111111

. ’171111 k. 117· 1111,

1711111111111 1111111 1111111111111111, 11111111111111 1111111111·11111··
1111111. 1111171111 11111111·111·1·11·1·1 1·11)111’1’1111111·11111111111111111. 1111111111
’ 3111111111111121111111 vi 111111 11111111 s. 1111111 virg. prox. 171111.
’ “ 1111511111 1111111111 1111111111 171111. 11. 11111 -1111, ·· Siziiniii
1111111111 1112,

111) 1111111111. 1111111111· 1111111111111111 1111111111 11111111 1111111-
111 171111, 11. 11111-11111, -

211) Lis! Jiw. Modekszy, podkimmm·1gn i 1111111111 1111111111
- 11111 1111111111 1111111111111111, 1111,11111711111111’,11111·111·111 11. W. 1.
11. ‹li› 11111 7 81111111111111 171111. 1. 1111 11111. Δ

21) 1111111111 11111111111111111 111111111111111. 1111111111 11 1111111

r. 171111. k. 1115--11111,

’ 22) 111111111111111 11111111111111111111111111111111110. 1111. 1 111·
11111111 171111. 1. 11111-172.

221)1’1111·11111 ,1111111111111111111 111. 111111111111111111111,*1111111111
{⁰11ss 111111Ν1 1. 11. 1111. 111111 1111111111111 21 Septembris 171111.

11- 1 .

21) 1111111111111111111111111 [11111111111111111111111111111. 11111. 11 1111·
11111111 211 81111111111111 17111111. 1711 11111.

211111111111111111 prm 1111111111 111111 11111111111111 1111111111·-
, 1111111.1711111111)(1111111111 17111. 11. 11111 11111,

211) 1111 1111111 1111 1111111) 11111111») 1111111111 11111111 2711111111·-
111111 171111. 11. 111111 21111. ’1111111111 po 1111111111. 11. 21111 · 217.
’· 27) 1111111111111 11111111111111111111111. 111222 2211, 111
11111111111111111· pari 1111 11 1111111111111111111111111111111 111, 11· mani
1111111 1111111111 11111111 1Ι“111·11111111 111111111111111111111111 111111·

. 1111111111 1111111111. k. 111111.

¹ k 221211)212131111’111 1111111111. 1111. 11 1111111111 211 1111111111 171111.
, »v 1.
211) iii-§li 11111111111111111111111 111111111111 w 1111111 171111.
11211· 2111. -- 11111111 111 11111111 1111111111111111 1111111111 1111111111·

⁵ 11111111111111 a 11· 11111111 111111 1111111111 1 111 111111111111111111 1111

1111111111 1111111111 11111111 1111111, 1. ‘liii-251⁸.

311) lis! 1111111111Ι’111111111111111111 1111,11111111111111111111111111.
1111111111111 111111111111111111. k. 2-’111 -2711,

31) 111111 1· 1111111111 111111111111111 1111111111 1111 11111111
, 1111111 11111111111111111111111Ι 1111111111 11111111111111. k. 2711 21111.

112) [1111111111 11111111 11111111111111111111 misyis-liiiio 111
1111111111 1111111111· 11111111111111 1111111111 111111111111111 1111111-

, 1 ¹ 111111111111111111111111 1· 3111111111. 1. 31121---111111

111) 11111 X. 1111111 11111111111111 1111 1111 111111111111111111, 111111
1111111 1111111111, 1111111 111111111111111 ,1, 1111111, 1111111 111111 1111111
amusim, 111111 ,111111111111111 111111111111111 11111111) ,1111111111

111. “ 1111 .

111) 111 1111111· 1111111111. 1..·112--1121’. ,

1111) 1111111111 1111111111 1111111 1111111111111111. 111122-1127.

2111) 1111111111 1111 11111 111111111111111111, 111111111111111111111111-
111111 1 1111111111. k. 21311-- 1111,

117) 1111111111· ,11111 11111111111111, ,1111111111 kim, 1111111
1111111111 1111111111. k. 21111- sinii.

1111111111111111 111 1111111111 [1111111111111 11 111111111111 1111-
-111111, 11111111 1111111111·1111111111·1;11.·1 1111111111 111111 11111111 1111111111-
1111, 11. :337- 11111.

1111) ,11111111 1111111111 1111111111111111 1 1111111111111111111 11111111-
1111111111 11111111111111 1111111111 171111, 11. 111111 --3172

111) list 111111111111111111111111111111111111111111. k. 3520- 3112,

11) 1111111111 ,11111 111111·1“,111111111«·1111111 11· 1111111 1111111111
1111111111 1111111111), 1. 111111--·.’1111.

112) 1111111111) 11111111118111111111111111111111111, 1111111111171
1111111111111111 11111111111111111. k. Σ1112--1.’11“12’Ι -- 1111111151 logni..
1. 11112’--- 111111. ’

»11111111 1111111111111111 1111111111 11111111111111111 111111 1111111111
1111111111 1111111111111111111111111111111, 1. 11111, 11117’.

11)111111111111·, 1111111111 1111111111 11111111111111 1111111111οά1 11
11111 1111111111 111· 11111111 1111 1111111111 1111 1111111· 111 [111111 1111111 ν
111111. 111 sirini->iiiii 11111111 111 11111 111111. k. ,11111 1172..

111) 1111 1111111111111 1111111111111111 ,1111 1111111111 1111111111 ilo
111111111111111 1111111111 1111111111). k. ἰ17ἰ1 -·-ἕ17·1,

1111 11111. 1111 ,11111 1111111111. 111111111111111 1111..1111 1 11111111-
iris 171111 κ 1111111111 11111111) 1Ι11 1111111. k. 37111111]- 31711, iiiii.

17) 1111111111 111 11111111· 1111111 Ι1111111111 1111111111.
11. 3711· -3111, ’

111) 1111111111111111 [11111111111111111111 11111111111111111111111111111
1111111111 171111 1111111111, 11111, 1111 11111 [11111111111111111111 1111111111
11111 1111111111111111 111111 succinctissime 1111111111 iio 1111111111.
k. 31111· -Γ11111,

111) 111111111111111111 111111111111111111111 1 111111111111111111111111,
1111111111 1 111111111111111, 11111111111111111 111111111111111111111111 [1111111111
111 11111111111111 11111111) 1111111111111111. k. 211111--31111,

1111) 1111111111 11111111 1111111111Ι 11111111 ducalibus, 1111111
111111 11111 1111111111 111111111111111 1111111111, 1111111111111 11121.
11. 111111- iiiiii.

111) 1111111111 11111111 1111111111 11 1111111111 11111111111111.
k. 3111-«11112.

112) 1111 1111 ,11111 1111111011111111111111111 1111111111 11111111
11111111. k. 111111. ’

1111) 11111111111111111111 111111) 11111111, 11111111111111111 111111111111111
1111111111111111. 1.· :iiii-3942 -- Squiziowie 1111111111. k. 3111. -
1111111111. 11111111 1111111111] 11111111 1111111. 11.11111’.- 11111111111111).
1111111111. 11. 111111.

, 111) 1111111111. 111111.

 

