⁴ ¹ 111.

11111111 11 ,11111 1111 1111111111. 11111111111111111 111111111-
1111111 1111111111.1111111Ι11111. 1, 177.

31111111 111111111111111. (pensa (11111111) 11 111.
11111111111111111. 1111111111 1111111111 111111111111111, 11111111
111· 27 1111111111 171171111111111. 1. 177’-1711. - 1111111 111111. 111
’ koufulnravyi. 17117. k. 1711 1711, 11131-111111 11111. 11111 111111
11 1111111111. 1111, 111 211 11111111 171171 11111111. 1. 2111111172

11111111 111 ,11111 1111111111 1111111111 [11111111111111
1111111111. 1. 1711-17112
. 1111 11111 1111111111 1111111111... 1111111... 1 111111
1111111111· W. ,111Ι 1111 puni 11111111111111111111111111, 1111111
111111 1111111111] 11111 1 1111111111· 1111111111...
k. 11111 1111. -- 1111111111· 11111111111111111111·11111111·
111 11. 1111111111 1. 11. 17111 prm. Ι11111111 11111111111111111
w 11111111 1111111 1. 1111111... 1111111111 k. 111-11111. ,

111 11111 1111111111 11111. 11. 11111111111111111111111111
[1111111111. 1111. - 1111111111111111111111111111 w. 11111111-
111111. 11111. -

1211111111 11 1111111111111111. k. 11111 11111. 1111111111,
111111 11111.

. ’111111111111111111 11111111111111 11111111 1 spis-ku 111111·
11111111. 11. 11111· ³2⁰!ss
, 111 1111111111 111111111111111111111111 11111111111111111111
11111111111111 1111111. 1. *1112

1111111111 1 1111111111 1111111111 1111111111 11 1111111
1111111111 17117. 112111 2111. “

, 1111 1111111111· ,11111111 17117 111 11111111 11111 1111111. 1. 11111· 12111.

17) 11111 11111 Ι11111 111111111111, 11111111Ι 1111111111
11111111 1111111111. 1111111 1111 1111111 1111111111111111111 111·-
1111111111111 111 1111111111 17117. 1. 111-11112

1111111111 ,11111 1111111111, 11111111 1111111111,
1111111111 1111111111.. 1111111 11 ,11111 111111111111111] 111111111-
ἱ1111 1 war-mvsa 111111 1111111 1111 111 1111111111 17117.

111-2111.

1111111111 ,11111 7111111111, 1111111111 1 111111 1111111111,
111111 na ,1111111 1111111111111111111 1111111111 111 11 11111-
11111 17117. k. 111-211112 1111111111, ,111111 Ι1111111111 117111-
1111, 1111111111 w. 111111, 111111 1111111111 1111111111,

.’11111111111111 1111111. 1. 111-21111.

11111 11111111 1111111111111 111 1111111111 17117, 1. 111111.

. 111811111111111111 111111111111111111 1111111111, 1111111111
1111111111. 1. 21111-2117.

12111111 11111 1111111. 1111111111 w. 111111, posin 11
1111111111111 11111111 111111. 1111111111111111111111 Rossyi.
[111-111112 (1111111111 1111· 1111 11181111111111 17117. 1. 111-21111,

11)11111111111.11111 11111111111111111 1 [1111111111
1111111111111111111111 111111 [1111111111 11111111] 11111111

111. ⁸

ἱ111211111ἶ1111111111111 1 1111111111 1111111 1111111111 1 W. 1.· 1.

k 211111) 1111111111 111111 1111111111111111111 1111111111.
. -ι.”1·.1.

111) 111 11,11111711111111111 [1111111111 1111111 11111111]
11 1111111111 1111111111 11111111, 1. 211-«2112

1111511111 11111111, 11111111 11111111111111 11111 11111111·
11111 11111 111111111111111111. 215---21452

1171 1111111111 1111111111 11 1111111· 111111111111 ,1111
1111(11·11111111..1. 111-»111 ’ ,

111) ,11111 .111’. 1111111111 1111 1111111111 111. 1111111111 11111-
[111111111 r. 17117 1111111111. 1. 222- 2211, ’

· 1111111111 1111111 1111 ,1111 17117. k. 111-11.

11111 1111111111111111 1111111111. 1. 211-- 1111.

Ι 1111 ,11111111211111 ,1111 1111111, [1111111111111 111, 111
1111111111111· 11 1111111111 1111111 111111 1110111111 r. 17117
11111111. 1. 2111 2111,1

1121111111 .Ι(1, ,1111 mei 1111111111 81111111, 1111111111 111-
11111ἰ111·1121.“11111111 111 111111111111111111 1111 111 111 1111111111 17117.

. ⁸. 7--“1“ 1’.

11111 1111111111111111111 111111111111111111 1111111111 1 1111-
111111. k. 21111 ·21”111’,

1111 1111 1111111111 11111111111111111111111 1111 1111111111
11111111111111 111111-111111111111 111111111111111 1111111111,
1111111 1111, 1111111111111111. 811 1111111111 11111111 11111111
11111 11111- 11111111111 1111111111 1111111. k. 2111- -21111,

1111111111 ,1111111111111111 11111 1111111111111111, 1111111111
111111111111 1111111111 1 1111111111 1111111111 1111111111111111,
111221 11111 17117 11111111. k. 21111- -21111,

111) 1111111111 11111111... 111111111111 1111111111 111111.
1111111. 11111111 81111111111111111111 1111111111 111· 11111111 17117.
,11111- 215..

11111 1111 1111111111111, 1111111111 111111111111111, 171111 do

· 1111111111 11111111 1111111. 1. 21111- 2711.

11711111111111111111 1111111111 111 list 1111 11111 11111111
[1111111111. 1, 2711-2711,

11111 111111111111111111111111. Ι). l„ 1. 271.

1111111111111111111111111111111111 111111 11111. 11111111 11111 -
1111111111 111 11. 11127. 1. 272--271, -- 1111111111 ,11111111 11111111
1111111111 11111111111111 111 1111111 11111 111111 prm 111.
ι11,2111111111111111111, 11111111 1111111111, 1 11111 17211 11111111.
. ἓ-- -2721

7111 1111 1111111 11111 Ι1111111111 11 11111111 ,111 1111111111

,1 11111111 1111111111 1 ohozia 1111 1111111111 die 13 septem· Ι

bris 111111, k. 111-2111.
711 111111 1111111111 1 lym manuskrypcie. 1. 21111-2111.

 

