Η MR

11111111111111111 11111111111111111. 111111 11· 11111111 11111 1111111111 1111

. μ 111 111-11111111 17118, 11. 178,

7111 11111111111111111111111111111111111111 11111111111111111111, 1111111111-
1111111111111 11111111 11111. 111711-1111. 1111111111111111111. 11111. 11111
’ 11111111111111127 81111111111111 171111, 11. 11111 1117.

7111 11111111 11111111111111111 1111111111111111111111111111111111111111
11111111 111111111111111 1711811 1111111111. 11. 1811 182.

771 1111111111 111Ιί111111 11111111111111111 1111111111 Ι1111’Ι 1111111111
1111111 1111111111 111111·Ι 111111111111111 1111111111111111111111111 S. 1’.
o 11111111111111111111111111111 1 1111111111* 1111111111111111 1111111111 11
11111111 111-1111111111 1 1111111111 1111111111 111111111111111 1111111111
1111111111111111112111111111111 17118. 11. 182- 11111.

78111111111111 1111. 1111111111, 1111111111111 111111111111111.

111111-11111.
’ 711)11111111111111111111, 111111111111111111111111111111111, 11 111-

¹ 11111111111111111111111111111.11. 1117 1117.

811) 1111111111 11111111 1111 11111111111111 1111111 1111 111111
1111111111,111111111111111111111111111 1111111111111111 111 111111111111 11111111-
1111111111. k. 1117’ 1118.

1111111111. 11111111 11111Ι 11111111 11111111111111111111111111111111 ··
1111111 1111111111111111111 1111111111· 1111111111. 11. 1118 11111.

“ 8211111111111111111111111111111111111111111111111111111111111111111111 ·

1111111111111111111. 11. 21111 2111.

81111111 1111111 1111111111 1111 11111111 1111111111 1111111111
11111111 111111 111111111111111 1111111111111, 11111111111111111111111111 111 111111·-
11111111111 11111111111111111111111111 1111 17 8111111111 1182, 11111111111111
1111 1111111 17 1111111111111111 17118, 11 111111111111111111111 1111111111.

’ - 81) 11111111111111111111111111 111111 11111111111111111111111 111111111111
1111111 1111111111 1. 171111. k. 2111---21111’.
811) 11111 111 11111111 (1111111111111 111111 1 1111111111
11111111. 11 2118.
· 11111 1111111111111Ι 1111111111 1 11111111 11111, 1111111111 1111111111 1111-
111111111111111111,1111111111211111111111111,11111

111.01111 11111111111111 1, 111111111111, 111111111Ιί11 11111111, 1111111111·

111 11111111 171111111111111 1111. 11. 21111.
’ 117 neces 111111111111 111111111111. 1111. 1111111111111 1111

211 (11111111 17118. k. 21111.
118) 11111111 10. ,1111 8111111111111 1111111111 11 1111111111.

, k 207-2072

11. 181111111111111 k. 111-111, 111-1111. 111, 111 1161
1111111111 1111111 1111111111111. 1111111111 111111111111 1 1111111111111
811111111111111111, 1111111111 [1111111111.

111111. 11, ·

566 1111111111 1111111111111, 1111111 1111111 1111111111 11111111 11111111
11111 11. 111 1 111. 1111.

11 1111111111 11111111· 111111111; 1111 1111111111ἰί 171111. 111. 1.--· ,

1111· 12 11111111111 171111, 111. 1 11. 111171111111 171111. 111, 111, -
7. 1111111111 1111· 111 1111111 171111, 111. 111-’.111Ι -- ’1. 1111111111
1111111111111 171111. 111. 1111 1111. -- Ζ81111111111111 1111 17111111171111.
111. 122--123, -· 1111. 22 1111111 171111. 111, 1811- 187. - 1111
18 1111111 171111. Ι111. 187. 1111 21 1111111111 171111. Ι111. 11111. --
1111111111 111111 11 111111 171111. 1111, 2111- 2211, - Z 1111111111
11111711111111111171111111231. - ’1.111111111111111111111111111171111. ’
111.·711.

21 1111111111 11111111111111111 11111111111111111111111111 1111111111 171111,
111. 3 1. -2 1111111 1111111111111111111111 111 111111111111111111111111111111.
11111111 111· 111111111111111 111 111111 171111. 111. 11111---1111 ’

81 111-11111 11111111 1111111111 11111111111111111 1111111111 1111111
21111111111111 17111 1111111111 11111111 1 1111111 11 1111111111 111111111-
11111111111 111111111111111111 111. 111. 11- ν8.

-11 1111 111111. 11111111 1111111111111111 1111111 11111111. 111. 111--111, -
111111111111111 1111111. 111. 112 2121.

111 1111111111, 1111111111111111, 1111111111111111111111111111111111 1111111111.
111. 111, 211, 28, 1111, 1⁸23. 1111, 11111.

111111111111111111.111211,1111 111, 111· 111, 11111-111, 1111,
111--1111, 11111 11111, 11111. 2111. 22112811, 231, 2117-23111,
217 2111, 2118--21111, 2721- 271.

· 71 1111111111 ,1111111111111 1111111111 1111111111, 11111111111111

W. X. 1... 11111111111111 111111111111111 11111111111111111 11111111111111111.
11111. 11· ,111111111111111111 1111 2 1111111111 171111. 111. mim-21, 11111 1111111
111111111111111 11111111111111111 1111111111 11111111 1111111 2111111111 171111.
111. 11111- 11111, - 1111111111 1111111 11111111· ,111111 11111111111111.
11111. 11 1111111111 1111111 28 11111 171111. 111. 1118--1711 ·- 1111-
111111111, 1111111.. 1111. 1111111111 111111 111111111111111 1111111 11 1111111 171111.
11. .1”1-- 111.

8111111 1111111111111 1 1111111111. 111. 21 --211 1111111111 111111-
11111111. 111. 211- 27. ·

11111111 1111111111111811111111. 1111111111 11111111111111ι 1111 1111111.
111.27·-28.-1Σ1111111 1 111111 111111 1111 11111111 1111111111. 111. 11· ,
111111111111111111 11111111111111 1111111111. 111, 111 1111.

1111 1111 111111111111111 1111111111 1111111111111111. 111. 28.

11) 1111111111, 11128 311.

12111111111111 111111111111111. 111. 311.

111111111111111111 mx. 1111111111 111111111111111111111 11111111111111111
1111111111111111 ,111111 111111 1111111111, 1111111111111111111 111-1111111111111.
1111 -:·.

11111111 ,11111 8111111111 1111111111, 11111111111111 1111,
11111111 1111111111 11111111 111111111111111111 111 1111111111 111111. ,11111 ·
pani 111111111111111111111 111111111111 1111111111111111111, 1111 11111111111117118
1 1111111111. 1111. 3111311.

 

