444 ⁷2³.

241114444444444441444444441414444444440444414.14,3·-4,44 -333'. ,ι
² 7777j73777733 444144441444444 4114444144 Ι1444441444. 1. 47· -4441 ·
’ -- 44 11144444414414. ·“ ·

244 27, 241-ἔ.40 ³73- 31’, 444 442, ,1444-4444, 142- ·337. 73.

· 232 242, 3444413440-34471

3·4114444,4, 4414· 444 '73377777773 4444144444 4444441444, 4, 4·. 04441

- 4444444.

4 , 44 1444441141.1444144444444444444441444444444·44444; 4144 4441444, 3. 37.
,1444 3377. 3. 244 2441 -- 1444 .4141, 1444414474 44444. 1. 172171
1444 ,411.1. 34444414. 444441444444444 44444444444144444. 14. 17’-·»20.

ωωωωΜωωωωωψηωωῑζ

Ι,1444444144444444444443444444144, 4444444444414· 44444444444444, 1. 27- 271
k 2744427141 4144 1441144 4441 ,41111 1444441444 444444444444414144444.

74 1,44·14; 414 4.111· 4444444114 44444144444440. 14244- -,244’ 1444 1

,1141141 44·44’,14444441414.4.244’.

44,)144441414411444444 ,411114 444444444444444441444144,.444444 244241,Ἰ

3414414313. 4444444444414 4414444144· 3'.0 14444444444441411,1..
4114444414 ,144444414444444 444441 W ,1, 3.. 3. ,··,-40 1444 4444444414
44444444,414,,1“,4,, 44.344--,’444.-- 1444..,1,444· 44’4’Ι .

10414444 ,11111 444444444444444444 1444414444 4144 ,11141 4444444444·
444444444444444. 3. 333.

373 11444444 4444144 4 44··44441444444 14444 ,11144 414· ·44444414· 444. 444442

4144 4444444444 ,444 4444 44444444441444414444444 144444444444441444444444 ,
. 444 4444441444 44444444444444444444. 3 412 -32, 1444444444 ,41141 4444444444
W. ,1,1,Ι 4144444444 41444 4444444444444444414414444444, 1.,’42 .'33.'3

44144444414444444441111 ,1.1, 13134.
134 1114444444 4444444· 4444 33'37·3377·j 7733‘773 1444444 1444···1444444,444·4
444444444444444, 4 ,44 447 4444444444,4·.44144·44444 444 4441444 4444.

,ffifflffmmwmmnw777mw

144 1444444444 4444 44414414 444 4444 14444 ,41444 4444 4144444444 444444·-

4444444 14444 44444444 44 1444.411’·4·4441444441144444444444444 4144 73'77j.'33 v

4444444444 W. ,1. 4,, 31411444144444,.44·1,44444444·44·,·4444 4144 444144·-
4444414444 144442..1,··-47 444.

1444 1441 444-4444444144 44 ,4144414444 4414 11444444 4144’··14414 4441441441
Ι4444441444444444444·.1.444--44’ ’1444444444 1. 742 7'33.

1444144 ,1111114 4444414444444· 4144 44444414 3. ·'33 42·.’

. , 174114444444444 1141144 .4,44444 144444444444 4444 4444441444 14114, ·
444444 44 77370737 23114444 33'73333. 3 43 »44,

1444 4,444 ,41111 444444444444444 444441444444444444 14114, 4144444444
1444444444 (14.4141144444414444144444444411,1,1,, 4114444414443444444444·
ΜΟ7240414444 ,44441 4444144444444444444 W. ,1, 3.. 4414444 4444444444 4144
414 ,14114 1444414444 41111. [144414141411444. 3377-777. 333 444·

204 144444 414 ,41111 4444444114 444444 ..,111 144-4444

. 04441141 (1444144444 4414 73777733770. 4. 444· 37¹.- 3377 ,14114 «3377L

¹ 444444 4444444111. ,1, 1, 4 4442 414.

144444414ιί44 4444 4441444444 44,, 44444444 44444,4444 377773737737373777 ᾳ

⁷2³· , 217

214 1444 ,4.1141, 1444414444 11. 1. 3.. 41444444444444 14444444 4144 ,11441

224 33777777 3377777'3337773 3. 3'73'. 14444.
3. 77'7ffl-733'. ·- 14 333-733733737. 3. 442·Ι

2,·44 14444144444444444. 414444 ’ -4444, 4444· 441. 733. 444-771. 442, Ι .

, 3333. 333. 3333, 3333 3-33'. 3773 1744.44444,.·-4447·,-,4442·

244 377 ,411414,4·444·4444144··,·,4441441444141444444441444444 4444144440
1444144444, 4144 ,14444,14444144,44444444444.1444,444.1444,
733 1444444144 ,11411444 ,1444444444 14 414444· 4444444444 01. 7377. 14444444

’ 4144· 1441144444 17244 4444144444· 44444444 44· 141444444444444, ·1. 1444- -44441

3737773737377 ,4443444444 444 4444 1444444444 44444444, 41444444 444444, 1444444444 ’

ff 3377737773‘7337377. 144441444444441444144444444444. 1441444444 44, 1444.. 44414444-

4444· 44 14444 17211. 7444,
2044144444444444 4144 Ι1444144444, 4444414444 44 11411. 414414444444444,

444444444144444444444441414 4444414414, 3. 744.
2741,4.·44441.11411 4344444444]41414444441444444 44444444441444 44,.44,

44444444444444 4144 733773733· 4444444444 44444444 44444444 4144 ,41.1114 444444144-

ς 4444444414444144144417414424411444···44441444.172-721--44441444444,
’ 4141141144 7333733777737. 44441444 44444444, 3. 72· -731 -- 3:7- 4444444444

4444441444 3444444444· 444444 4, 4·. 44404. 3. 22222444.
2444 41444444144144444444 4··444444444444 4444444414 4444444 3. 73·- 74·Ι
241411444444444444 441 1144414444 44 4444444444 44444·4··4444444444444.4 44444444

κ 4444444444444444444444444441444414444444444444444444141444444441044342441 444·

Ι 7⁸ 3444144444 4441144 ,4444444 333: 4444 4444144444 ,1441144 4 444444444444444

4444444144 4444144444· 444441 41144444ιὶ4444 444444444· 4444 47 ,144441444444444
144443, 14. 447 44441 414441 14444444. - - 3377 44··444444 44444414444444. 114444, ·-
1444 ,11411 444444444414444 44·, 44444. 4 3377. 1414444444414444444 4144 4444 444 1444444
444443, 1, :273¹ 210·Ι -- 4444144444. 7. 411414444444444 41444 444 44444444,

42172171--1144444444444444441444444444444444 4444444·44444444·,44..44444 14444.

- 1444444444 44444444444444414 144· 444444 4444444444444· 444. 4444444444·144444441444444·4,444
4444431240 24441 144444111444444144 4444 1444 7773 777377777733 ’

4441444144· 4.·,44 444444 44 24’4·14444 444444. 3. 2244-- 224 1444 4444444414
444444414Ξ4444Ι4414ν14, 144.444 444 44444444 4444444414 4144· 31 1444444444 144447.
. 344 1444 44444444 [4444444444 4144 4141144 ,4444444 333. 3. 3333.

324 ,444444 44444 337¹· 7737377737337 41444421, 442- -443,

44444 114 4444 33 3377 4144144444 4441444444 4441444444 4144 (1444444444

44444444, 44· 41444444444444444444444 3373. 44·44444441414444444444444404444- .

4444444· 44444 444 11444444 1444444 4144444444 44 4444444444 4444444444 4444 414444·

4414414444 44444444 44444··,44444444 4. 442- -1244,
4,·441444144441444441444444444ἱί 4144444 444 44 444444 4444444144ιί 0444444-

77777333, w Ἰ·444··444444444 144244, 3. 121- *44444444114444444411444444444
144444144424-47 2371

3444 144444444444444 3337737377 4444444444, ,144444444ηά4 411 4441444444
444444 441444, ,44 33. 144444444ιί44 34444441444444, 444444 14421 4444444444,1

 

