7⁴4 -747

' 11 1177777111 717717777111 1 77777777. 717. 71111νῖ911,
111 11717717 7777177777. 7717, 111111--111711,

’,1177771117717 ,77 717, 77771-77777,

745. 1171717177 7777717777717 71117777 17 xlx 5575555: 5¹¹5 17771 7511.
111177171771171 171717777777777-1777177777· 7177 7171717117 1117771777 7711-
717171, 7171177777717777717171717. 171717. 7777177777717, 17171777771171777
71177 o 70505 7717711, 77777, 77 1717 7171717717. 7, 707777755‘5555'0755'755 1 771-
1771 171171 7771177771 7171777717. 17177 171, 7777777177717 7777711 11· 777-

7771717 7171717171 7777717177171171777111777 17717177, 1777777707. 777- ,

Ι11717 7,1717777 17777171777 777717777111717777, 7771777777 777177777177777
, ,1. 1·. 11. 111171, 1711711771717171771117777771 7177171717 77117777777777777
¹ ,777117117717777777777 1771177177 11711771, 1777771777 1717171717 7177777-

117177717777) 17177171171771-77117717117777. 7177177711 7777777177-177711717717171 ¹

- 171771771717171 1717717 7777177717777717, 17717171, 1717717777117 17711777711717

177777711171717777, 7171771777171777, 7777711777. 71777771177777777 7717777117 ·
7117771 71711771, 71771777177777717 171177171717777, 1777177117171777 77177177,’

777171171711 11777171171 111777711171711717177. 11717171 [717771717717171111.

77777 7, 7. 7777.

7,7777“771717777 1717771717· 1177177771777 17717777, 17. 225-255'5 ’Δ

1 8771717717 1117177177, 17, 285-358 7777717177 5'557 17 7717771777771177
711771 77111 17771717· 111771777171171 17171717777777-1177177777717 177771.
77177777, 1777171· 11177, 711177 17 (1717171177 7171 (177717 1777771117]
z 7. 11157 711777 1177777717 17 1171777711771717711 77771777117711 1777177777·
Ι1171711. 117, 1, 111711, 71177777117777· 77 17. 111, 1771, 177, 1777, 205,

777, 77771 777.

ΝΒ, 1117717171 7177117771117, 71117711· 17111711 77117771 w XIX 11·171777;
1111771777777171 1171111711)- 1177177 7777 7177 71777 77771 1117771777 7771·
71171, 77 7177777717 7171711717 1171, 777777 ,17177177 117771711117777 1777171777

7 17777717 (1.7,77117171717771 17777177 771777 77717771 77 81117117 1171, 1771111, ·

1171717) 7777717777. 1. 1-1121,

”·111771711717 17777717 tu 777717777777717 77771717 117·717711777717777
7·’(111 ¹55555577 177777 111771777777171 11717777770· 1771)·,77717717

717. 11771710177771777777, 77117777 7117177177 1717777771 11· xlx 1771717711
1111771777177171 11711117117111771777777 7177 7171717117 1117771777 7771·
. 7717171, 777711777777717 7171711717 1171. 7777777,1717,717117777711171777 11771117
1177771177 1177711177171777, 17777177717777 1171, ’177777 117. 7—-777

1177777 17 1771177117 77777717 17771771777777177 17 Ι 111 17777717
11117711777171 1717717177777777·17771777717717 tegni 71117777, 11771717
· 7179. 1177777177777117, 77, 77-77, 77-77, 190-595.

7455-7755. . ¹755

140,Κ77717177777711777117),7717777771ΧΙΧ11·171777;71;17.ῃ7,
111177717771171771 171717777777777-1-771777777 7177 7171717177· 1117771777 7171·
17·171, 7771777717 7771711717 1171, 777777171771711777771117777 17771717

- 117777777711777711711717777,1777177717717771171177777 ΙΙ. 151-757

1177777 77· 17177 1777717· 7555 7717 7177177717771777171 17· Ι tomie
11117717171771171 171717177777177-177777777717 1777771 7771777. 1177711111
11177, ,1177777177777 17. 7717 7 17, (77 1177717771 11777 7777.

¹7⁴9. 11771717777777717777777, 771177171111777717717117·,11Χ wieku;
1111771777777717111111717711171-1777177777 7177-71717171771117771777 7171- ’

1717171, 771177777177771177171717 1171, 777777, ,1717717 1177771117717 17771717 .

71777777 117777117171717777, 17777777777177771171. ’177777 111, 17, 1-11271,

1177777 55· 17711 17177717 77177717 17771777177177777 17· lv tomie
1111771777771171 171717777777177-177717777771 1777117771777, 1555'55 1852.
7 717171171771 17177717 1117177 (1711177. 17, 207-225’,

’ 7511. Κ77717177 papicum-5¹, 77117777 1771771 77177 55· xlx 17171777

11. ,
11117771771717171714 11171711717171-1771777717 7177 7171717177 1117771777 550!-
717171,777717777771777171717171171 777777,,171771711777177111777717771717
71777777 (177117771777777 1777177717777 1171. ’177777 111. (17771711. ((111,

1777117117. 1--7

1177777771 17777 17117117 7555 7717 7’··77177717711177777 wli 11 1777717
11177717777777171 171717777777177-17771777777711 177771 77117777. Κ77177177

711171. ,111777777177717 777 17. 17-77, 777, 61, 115, 107, 1177-1777 ,

1777,

751. 1111717177 7771777777, 77177777 7177111177 77177771 1171111111 17171717
5⁰5 17777 777.

11 1177171777 71777717777777771717,17. 1.--111, 1177171777177.

21 55'55-75· 1711717· 7177171117 1 1771117117..11.1·-1’,11·1»-117’7(1111
,1777177771 Ι·.·77·777 ’7777 517717717·1717·,777 55557757575 7777711777.1711111;
1711 11171,1-1111 1711 (17771777717777117771177771771 171

11111111771711711771 777777177177 777777 1 77717777 17,11--17.

11171777”77177 777777777177777, 71777,7·77717777771177177777177··,7771
7777117171171717’7’7·1 17111·Ι 177771771711777117771177 1717·,771 1ο77····7,777 17771·

- 7171717771 7771777117777177717717717 1777717111171717 S ,1. 7177177 2111177171717

77: 11, 7771 7717771771· 7177777 77 17177717 7777777717 777 7717117777 1777777777177777
7717 ·1777 7777 171717 755 1177777 7 7777177 55 5555 71777717771717717 [77777171 71717717

’ 1777111·177117177777717·.17 211-,111-’.1

171 (1777171777 177171 7771171 7777171771717771 7777 1777171 77717777717777

-k ”¹55⁴755555 71 1777777717 77 77771177 711771777117777 77117717, 77177117
sermoni 7777177117, 17. 1111-11111,

Nn 7177717177· 1777717 77717777 7777111777 Antoni 1171771711,

117717 7777717771, 7, 7181 777, .

 

