100 ⁷¹⁰·

nnmammmkw-w22mwmmffmmwmw

. 111.. die 1 1111111111. k. 111-111. ·-- 1111111111 11111 111111

11111111111111111111111111 171111, k. 111-1111,

1) (1111·1111111111 1111111111 i 11111111111111 11111111111111
w 11111111 (1111111111. 1111. 1 1111111111 111 1111111111 171111.
1117411. - 11111111 1111111111· 111111 11111Ι 1111111111 w 11111-
11111 111 1111111111111 17111111111111111. k. 111-·112’,

11) 1111111111 111 ,11111 1111111111 1111111111 01111111111
1111111111, .Ι,111’. 111111111111 1111111111 1111111111111111111111111)
die 22 1111111111 171111 w Wnrsznwio 11111. k. 111-.-111’.

, 11) 1111111111 de 1111 31 1111111111 171111 11111111· 11111111
ἰ do 1111111111 1111111111, k. 1111- -1111,
ι 7111111111111 1 1111111111 11· 1111111111 111111111κὶ1 17111.
1111411.

11))111111111111111 1111111 1111111111111. k. 71- 111.

11) 11111111111111 11111111 11111111 171111 11111111 5111111
’1111111111 k. 112 -1111, ’

111)Ε1111111111111. 11. 1111.

11) 11111111111111, 111111 1 1111111111 1111111111 1 11111111
111111111111111111 11111111 1111111111) 1111111111 11111111 1111-
1111111, ,11111111 1 Novembris 17111111 1111111111. k. 111--1111
' 12) 11111 11111111111111 1111111111 1111111111 1111111111111

ΜΜΝἬὴΜΜΨΜΗΜΜΨἮΜ’111111111ψ1ωω1ω1

ᾗ k. 11111111Ι

host-401. - 1711111111 1111111111 11111 1111111111, 1111111111
1 111111111111Ν1111111111 171111 k. 1112 11111. υ 1111111111 111111-

(111111111111111111111.1111111111 11111111 1111111111 11111- , , , , ,, ,
11111 171111 11111 Novembris. 1.1111---111--1111111111111111111 ζ’ ¹W⁰W⁸k'''‡'⁰ ΠΜ ⁸¹¹'²¹⁰‘''· k· ¹¹¹⁴3‘4ffi·

111111111111 1 11111111111111, 11111111111111111Ι 171111 dis· 111 Ν111111- ’

bris. k. 11111--11111, -- 1111111111 11111 11111111111111 111 1111111
’ ἓ1113111111 ⁰{nnych 111111 1111111111 111 die 211 Novembris 171111.

121) 1111111111 1111111111 11111111111111111 11111111111111111· l'

(1111111 1111111111. k. 111-1111.

11) 1111111111 ,1,111. 1111111111111. 1111111111 1111111111.
w 11111111 1111111111 1111111111. k. 111 -· 11 1, —· 111111111111111
11 1111111111 111111. 1111. w 1111111. 1111 1111111111 111 111111 1771.
k. 213-214. ψ 1111111111 11111, 11111111 1111111111111 ,111 z 11111.
Dat 11111111 1111111111] 1111 11111111 1771. k. 2211-2211. 0
[11111111111111111 111 1111111111 1711111111111. 2111’.

111) 11111 1111111111111 1111111111. k. 1111-117’.

. 111) 111111111111117111111111, 1111111111 111111 1111111111, ι

w 11111111 1111111111 11111111111111. k. 118-121‘. -κ 1111111111,
11111111811111111111111, 11111111 1111111111 i 1111111111 1111111-
111111. k. 21111-21111. · ⁸

17) 1111111111 mv. 11111111111111111, 1111111111111111111111-
1111111 111111, 1 1111111111111111111 1111111111. k. mm.-
111111111 11111 nd 1111 gonerannus 1111111. k 123.

m m

111) 11111111 1111111111 11111111 11111111111111 11111111 1 111111
11111111111111111111.11. 1111. ’
111) 1111111111 ,1111111111 111111111111111111111 1111111111, 1111·

1111111 ,111111111111111111111 11111111111111111, 11111111111111111111111 ·

1111.. 1111111111111111111111111111111 11111111111111111 1111111111. 1111111111
111 1111111 11 1111111111 171111. 11111--1211 -- nat. 111111 1711111-
11111 171111. k. 19111117. 1111111111 11111. 11111111 111 1111111
Ι«1111111111 1711111111 21 111111Ιί1. k. 11111-- 21111.

21111111 111111111111111 11111111 1111111111 11111111111111111
111111111111111 171111. k. 11111--1111,

21) 1111 ,1111 ,11111 111111111111111111111111 (111111Ι 11111111-
11111111111111111111, 171111. k. 1112 --11111’.

22) 1111111111 1111111 1111111111 (1111111111 11111111 11111111·
11111 1111111111. 1111. 1 1111111111 11111111111111171111, k. 1117--1411, -
1111111111 111 11111111111 1111111111111 1111 1111111111111111111 111

ff 11111111 1111111111 1111111 111 11111111 11111111111111 1111111111111.

,1211 ‚ 21 .
ἶ :43:”141:»›J:Wssgi 1111 11111111 1111111111· 1111111111 w 111111,
’ 21) 1111111111 11111111 ,11111 1111111 11111111. 1111111111
1111111111111, 1 1111111111111 1111111111 1111111111111111111111,1111-
1111 17111111. 1111 111

21) 11111 1111111 11111 11111111. ,1111111111111111111 111111

211) 1111 od 1111111111 1111111111111111111111111111, 1111111111

117) hist 1111111. 1111 111111111111111 1111111, 11111111 1111111,
11111 11111111 1 1111111111111111111, 111 1111111111 1111111111111111-
,1111 1111111111 11. 1111111111111111 1111111111 w Snunbule 17111
'suff 1111111111 1, Ι1111111·,-1111·111. 111111 1111111111111111 1111111111.
. m- 1.

211) 1111111111 11111·1111.111; 1111111111111111111111111111111

11111111 w 111111111111111 11111 11111111111111 11111111 111 11111 111.

,11111 111111, 1111111 111111111111111111111111111111111 1111111111111111111
1111111111 1111111111. 1111. 1771 ,11111111 211111. 11. 11111 -171, -
1111111 1111111 11111111111111. 1111. 1771 1111 17 11111111.

⁸, 11. 1111 11111. -- 111111111111. 1111711111 1771. 11211111-
, 11111111111111111 1111111111111111111111 1111111111111 1111111111 11111-

11111111 11111111 1111111111. 7. 1111111 1111 1 111111Ιί1 171111.

, 11. 21111--21111, 1111111111 11111111 1111111111, 11111111 111111-
¹ 11111111, 1 11111111 11111111 1111111111111111 1111111111 1111111111

1711111111 12 1111111311) -·.·12Ι’.

211) 1111111111 1111. 11111111111111 11111111, 1111111111111111
,1111111 1111111111111111, 11111111111111 1111111111 111111111111111111-
111111 11111111111111111111. 1111111111 111111111111111 1111111111

“ 1771. k. 171-1711. ·-· [11 1111111 1111111. 1111. 11111111 11111111

 

