114 ’111-111.

⁷ 710, Κ111111 1111111111, 1111111111111 1111 111111 111111 V

ι 4⁰; 11111 51).
1)11111·1.11 111111 17111 11· 1111111111 ,11111111 1111111111111111
Λ 11111111811111111111111111111111 111 1111111111. 1, 1 211.
2) 1111 1111111111111111111, jasua 11111111, 1111111111 111·
11111111, 111111111111111111111111.1111111. 1. 211-117.

3) 11111111 1111. 1111. 1111111111111, 1111111111111111 W. X. 111.. 2

1111111111 111111111111111, 1111111111111111 11111, 111 11111 1111111111
1111111111111111111111111)- 1111111 1111111111, 1 11111111111111
111151111111111 17111 111111. 1117-1111.

’ Δ1) 1111111111 1111111111) 11111. 11111111111.11111 11111111 111111 ,

1111 11111111111111 111111111111111 171111 1111111111 1111111111]
[111 111111 17 1111111111). 1. 111-1111.

m. Κ111111 1111111111, 11111) 111111111111111 11111111 widun: Α

4‘; 1111 147.

1) 1111 111 1111111111 1111 111 1111111111 1711211111 111111 111111 V

1111111111. 1, 1·-111’.
Ι 2) 1111111111 111 ,1111111 17112 1111111111 ,111111111111 111111
11111111, 111111111111111111111111111, 111111. 1111111(1111111111

1111111111. 1111. 11111111111111111 7 11111111111111 17112. 1121- 211, ”
’1111111111111111 111 111111 1111111 1111111111)11111111111111111111. ,
. 1111111111 1111111111 11111111 1111111111111 1111111. 11111111111111111111
1111 1111111111111 11111111 111111, 11111 ,111111111111111111111. ,
v 11111111111111111 1111111 1111111111 11111111 1 1111111111, 11111111
- 111111111111 11111 1 1111111 171111 11111111111111 1 111 111111111111 ¹

11111 w 111111111111111111 11111111111111 17112. 1. 111-1111.

11) 111111 111111111 11 1111111111 1111 1111111111 1111111111 711111·-
. 111111, 1111111111 11111111111111111, 1111 211 1111111111, 17112.
1117--12, - ,1111 ,11111 11111111111111, 1111111111 W. Χ. Ι...
111111 1111 1111111111, 1. 13 --.”11’Ι —- 1111111 1111111111. 1111111111

· 1111111111 111111, 11111111 111111111111111, 1111 1111 11111111.

k 111-117. ·- 1111111111 1111 1111111 (1111111111, 1111111 1111111111

’ 11111111111111, 111 11111111 1111 11111 1111111111 11 211 11111111 17112.

1) 111111 1111111111 1111111111111111 1111111111 11111111111111
(1111111111111 111111 171111, 1. 71-711,

111111 1111111111111 1111111111 111 111111111111111111111111 111·
1111111111 1111111 Ι11111111 1111111111 111 1111111111 1111111111.
1111111 1111111111111111111111111 1111111111. 1. 711-1111.

1115111111111 11111111 1111111 1111111111 1111111111111, 10. 11111
11111 1111111111 111111111111111, 1111111111111 W. X. h, 1111
11 111111 17111. 1. 1111111111-1111.

7) 1111111111 1111 1111111111 1111111 11111 11111111 1111111- ,

11111 11 2111111111 171111, 1. 111-1111. ’11111111 po 1111111,
111-11111. —- 111111 11 11111 1111111111111111111. 1. 1014111.

11) 11111111 11’1111 111111 1111111111 111111 111 1111111
ἀιοίῶἰωιιιῖἰο, 11111111 111, nu 11111 111 1111111111 17111

ι 11111111 1111111111 w 1111111111 00. 1111111111 17113 uctr-
111111. 111-1111

111-111, 111

111) 11111111111111111111111, 111111111111111111111111; 1111111-
Ι1111111111 1111 Ι1111111111 11111111111111111111 1111 1111111111. k. 1111- ’-121. --

Δ· 1111.1ἴ;1,111·11111ἰ11111111111111111111111111111,1.11111’--1111’, 1111111’111.’
v v. 1.· 11.

11) 111111111111111 1111111111 11111111 711111111111111111.

1. mnu-1222 12111211, 1111’ -1112, 11111-1117, ι111-11111,-

12)11111111111111111111111 7111111111111111. 1. 1211 ---12·1’.

1111111111 1111111111111111, 1111111111 111111111111, w 11111111
1111111111 1111 ,1111111111 1111111111 711111111111111111.
1. 111 1111.

11111111 11111 7111111111111 111, 1111111111 11111111111111
111111 1111111). 1. 1117-11111.

= Nivaapisam· ,11 11111 17-11111-11, 1111151511,
1111. 71, 111--111, 117. 11111, 111-147. 1111111 811 11111111 ’
111111 1111.

m. 11111111 1111111111, 11111111 jedna 1111 1· 111111 11111111

1) 1111111111111111 1111111111111111111 11111111. k. 1--1
. 21111111111111 11111 1111111111, 1111111· 111111111111111. 11111
W. X. 1.. 111111111111111111 1 1111 1111111111111111 1111111111 11111 1111-

11111111ἔ1,1ξ11.)1111111 filma t da gonorssllless‘) w 1011111111 111111111111111111111111.

1) 1111111111 111111· 111-1111111111 1111111 11’..11111’.11111111111111,

’1111111111 1111111111111111. 1111111111111111111 1111111 11111111111111Ι 111111
⁴ 111, 11111111111111111111111 11111 1111111111111111111 111111111-

1111111111, 111111111111111 1 1111111111111 11111 111 1111111111 die
11111111111111 17111. 11 W.

11) 1111111 κ 1111111111 1111111 1111111 171111. 1. 111-211.

11)111Ι11111111 111111 111111111111111. 1. 21—23‘.

7) 1111111111 1111111111111111 11111111111111111111. 1. 21--27.

11)’1’1·11111111111 1111111111 11111111. 1. 21111.

11) 111111 11111111 11111.11(11.11111111’1 11 1111111111111111 1. 171111
1· 1111111111 11111111. 11111--1111111111 111 11111111. 1. 1111’-.·12.-- Δ
1111111111. 1. 111-1131.

11111111111111 111 111111 1111111 11111111111111111 1111111
111 1111 111 1111111111 171111 11111111 1 1111111111 1111111) 111. ·

’ 11111111.. 1. 111-’1111Ι - 1111111111. 1. 111-4111.

11) 1111111111 111111 1111111111 1111111111 111 1111111111111
1111111111 11111111 11 111111 1 ’1111111111 11111 V 1111 11111111· ·
1111 1111111111111111111111111111 111111. D. 171111. 11111-1111-

 

