1111 1411-1411.

1111111111111111111 111-11111111 murm-nimis 111111111111111111 111
1111 1712. 1. 1111, - 1111111111 1712111111-1111, - 1111111111 17111.
1.·1111. 1111111111 1711. 1. 117. -— 1111111111 1711. 1. 1111,
1111111111 17117. 11, 11111,
· . 1111 ,11111111 1, 1111111111 111Ι 11111 2 1111111111 1111111, 1117-1111.
’ 1111111111111111111· 11111111 1 11111111 11’. X. i. 111111 xvia ,11111
11111111 11111111111111111111 ,11111 w sonavit· 1. 1111 1111.
1711111111111 111 111111111111111 11111111· 111111111111111111 111111 11111·

’ 1111111111· ,11111Ι 1111111111· 111. 1 w. ,1. 1,.11111111 11111111 1111’--1111“1,

11111111111111111. 1. 1111 1111.
1111 (1111111111, 1111111· 11111· 11111111111111. 1. 112 iiii.
211111111111111111111· 11111111111111111111 111111 111-’1111111 111 1111111111

ι 11111111Ιί1111 s, 1211111· 1111111111· 1111111111 1. 1111111111· 17111111111111.

1. 1111 1117. 1111111111 111 1111111 1111111111 1111111111 11111111

211 ,1111111 17311. 1. 1211, 11111111111111111111111 1111111111 1111· 17 111111-

’ 1111111111111111. 1. 1211, ,111111111111111111 1111111111111111111 1111111111111111.
’ , 11 11.-

11111111 1111111111111 11111111111111111111 1111111111111111

. 17111. 1. 111-117. - 1111111 1111111111111 1111111111 1. 8111111111
11111111111· 17111. 1. 117’--1111.
211 1111111111111111111111111· 111111111Ιί1 11111111, k. 1111 -1211,
’ 221111111111111111111111111111. 1. 1,·11.
- 2211111111 111111111111 111111111111111 11111111 111111111111111111111111
’1111211111111111 1711. 1. iili. 1111111· 1111111111. 1. 111.

211 111111111111 111111111111111 11 1111111111· iuro: 1111111. 311-
111111 1111111111. 1111111111 1111111111, 1111 111 11111111111111 1712.

7 1 im 11111, - 1111111111 8111111111111. 1111111111 1111111111.111111111111

111111111111111,1111111111 1111111111111 1111111 11111111111111, 11. 1111-- 11112
2111811111 1111111111 1111111111111111111111111, 1, 11111-11111.
2111111111111 111. ,111111 1111111111 1111 11111111.

,11111111111111 11. 11-111, 111. 111. 111-1111, 111 111,
’ 'ii-¹52· 'si-¹0²· 11111.

m. 11111111 11111111111, 11111111 11· xil! 11111111 ,1’; 1, 111.

1111111111111111111 1111111111 11111111111111111 Ι’11,·111111; 1115111-
1111111111 1111111111.111111111111111111111 1111111111111111. 111111111111111111111111
111111111111111 11 11111111111111111 111111111111111111· 1111111111 111111111111111.
11. 111111111- 1. 1111111111111- 11111 &mii-:ii
11.111111.11.111-»111,11 111111 111. 1111 -11111, 11111111.
1, 11111 12111. ·· 7, 1. 1111111, 1. iim 11111. -- 7, r. 1111111.
1. 1171, 1112. -- 7, r. 1111111. 1. 1111111111. -- Ἄ 1. 11171.
k mi- 1111. 7. 1. 1171. 11, 1111 -1111, - 7. r. 11111.
1.,11111· 111. - 7. 1. 11171. 11. 111-1211. - 7. 1. 11171,
. ·1. 2274113. - ’1, 1. 111711, 1. 237 -211, -· 7, r. 11177.
k. mrim-⁴2:32. -· Z 1. 111711. 1. 21151- 11111, -- 7. 1. 111711.
1. ’.111-2111. - 7. r. 1111111. 1. 2111111111. - 7. 1, 111111.
1. :iio-iim. - 11111111 1111111111. 111111111111111111 11·111111111111111111.
· mimmii(- 111 iiiii-sno, 1111111111 1111 1111111111 111. 1111, 1111111111

ciiii-um. 1111,

1111111111111111. 1. 111 111, ι 111111. ,11111111 11111111 1111111. 1. 21- - 211.-
111111. 1111111111 1111, 1111111111 111111. 1, 111--11, . 11111, imam„
11 1111111111 11111. 1. 11 111. - 111111111111111,1111·1,,111,·
11111.11.1111- 1111.

6511, 1111111111 1111111111. 11111111 111111 111111111111111111111111
1111 1, 11 i 111. 1511.
11 spi« 111111· w 11111 1111111111 1111111111. k. 1--11’

,1 111. iiiii 11111.

21 ,1111111 iiiiii-i 111111111111 11 11111111. 111. 1.

111 1111111111 111111 iiix. 11111111111111111111111111, 1111111111-
imi» 1111.. 1111 1111111111· 11111111 1 1111111111 1111111111· 1111· 111 ,11111111-
11111 1111111,111·. 1- 1,

11 ,1111111 ,1111 iiix. 11111111111111 11111111111111111111 11111111111111111
1111111111. Ι111. 1· -ΙΙ, ’ 1

111 1111111111 1111111111· 11111111111111 S. 11. 11111 1111111111111111111-’
iiiiiniiis 1111111111. 1111. 11 11.

111 ,11111111 mv. iilu'i·.-·t.iiik.'¹ 1111111111 1811111, 11111111111111111111
w 11111111· 11111 1111111111 ,11111111 11111111 111711. 11131111111111111.
Ι111. 11 211.

71 1111111111· ,1111111 1111 1111111 1111111111111 111111. .1,1ΙΙ·. 11111·-
Ι-11111 quivi-kinnu 11111111111111 11111111111111111111 1111111 11111111
1111· 1 ,11111111 1111111. 111. 111 111.

111 ,11111111 .Ι11’. ,1,1111 ,111111 1111111111111 1111111111, 1111111111·
Ι111-1111111111, 11111· 11111111111111111 11111111111111111111 11111111111111111
iiii· 2 111-11111111· 11111111 1111111. 111. :iii-usis».

111 ,1111111 1111111 1111111 1111 111111111111111111111111 w 1111111111·
11111111 11112211111111 1111111. 111. ,111 1111. 111111111111111 1111 111 11111111·
11111111111111111111. ,11111111 - 111. 11111111 111111 11111 1111111111]
1111111111111111111111111111 1111 111111111111·11111111 1111111111. Ι111. 11111 111111,

1111 11111111,1111111111111111 1111111111 111111111111111111111111 1111 11111111-

= 11111111 11111111· 1111· 21 ,1111111 1111111. sir. 111-111. ι hisi 1111111. 1111

,11111111111111111 1111111111111111, 111111111111111111111111 1111111111111 1111111111
1111111111 1111111111 111111 11111111111111111111111111111, 1111111111 1111·
111 11111111 17111. ,1111711 1111.

111 11111111111111111 111. ,111111 1111111 1111111111111. 111111111111·
1111111111111111, 1111111111 1111111 1111111111 71 1111111111 11111111Ι
11111111 11· 11111111· 11111111 11111·.··1,·111·1111111 1111 7 111111 1111111.
1111111 --1111 “

11111111111111111 111 11111111111111111111 1111111111 11111111111111111.
1111. 111-1111. 2
1111 11111111 1111111111 11111111 11111111111111111 111111111111111111 1111111
1111111111 111711. Ι111. 1111 1111.

11) ,1111111 11111. 1111111111 1111111111111 1111111111 111111111111,
1111111 11111111 11111111111111111·11. 1111 1111111111 111111111111111111 1111111111 1111·
17111111 11171. 111-,1111--1117, -· 11111111 11111111 111111 1111111111 1111
11111111 11111111111111111111 1111111111. 111. 1117 ἢ1111.

 

