118 111.

1111111111. i. 11. 1111111111. 111111111111111.1111111111 1111111111,
11111111 anno 11172. 1. 1711 2711. -- 111111111111111111111111111111.--
missa 1, 31212 - 11111111111111111111111 11111111 111111111111111111,
11111111111111111 11111111 111111111111111111 1111111111 1111111111
111711. 1. 1121-- 1-12111 3213- 3211. - Νο11 1111111111 1111111111111.
1. 1121141211.

’ 71 Ν111 111111 11111111 scitu: 111 11111 11111111 1111111111 11111.

. · 1. 1-12--11112

1111111111111 11111111111111111111 ,111 111 111111111111111 1111111111
1111111111.. 1111. 11111111 1771. 1. 111. · Epitaphium 1111111111.

111 1111 1111111111 1111. 7111111111. 1111. 2111111111 17111.

1111 11111111111111111. 111111, 1111- 11111, 1112 11111. 11111, 1117.
. 111111111111 111111 211 1111111111 17112. 1. 1111. 1111111

111 11111111· 17112. 111111. ’1111111111 111 1111111111 17111. k. 1111.
11111111. „. 7111111111 17117... 1111111111 Ν1111111111. 1. 11111 11111.
7. 1111111111 2111111 1777. 1.1117-11111’. 7. 1111111111 1111111
1777. 11. 111-1111.

121 1111111111111 1111111 1111111111(11111111111171111111-
· ,111.11111111111111111111111111111 111111 V 111111 11111111111111111-
11111111. 111111. 11111111 171111, 1. 1111· 1112.

- 1111 1111111111111 11111111 S. J. 1111111 11 11111111111111111
11111 lv 111111 1111111111 11111111 1111111111 111111. k. 1111.
1111111111111111 1111111111111111111 1111111111111. 111111 11 1111111
cracoviensi sabbalo 1111111111 11111 1111111111 1111111111111111111.
1. 11111 1117.

1111111111111,111111111111 1111111111111111 S. J. 11. 1117.

1111 111 1111111111 1 o 11111111111111. 1. 111-11111.

1111 111111111111111111111 Ι111-11111111. 1. mr·- 1112.
171111111111111 1.,1. 1111111111· 1111111 11111111 17112 111111

’ 111111111111111 11111111111111. 1. 1111- 11111.

1111 1111111111 1111111111 11111 1111111 111111· 111111. 11111111
11111111111111 111111111111. 1. 11111. .

1111 11111111 11111 mx. 1111111111 11111111111111111111 211 11111
111111 1111. 1. 111.

2111111111111111111111111111, 11111111111111111111111, 111 111111-
11111111111, 11111111 11111111111111 1111111111111111. 1111111111 211 111111·
- 11111 171171. 11111 -111111, ’

211 1111111 1111111111 1111111 ,1111 11 111111 11111111111111
11111111111111111111111111111111 1111111111 111 1111. ι11111111111111111·

’ 1111711. 1. ,1711 -·1711’.

221111111111 1111111111. 1. 171.

211 1111111111 11111111 11111111 «1111111111 1111 1111111111.
ἰ’ ’7221111111 1111111111 11111 1111111111111111111111111111111111111
’ 111111111111111111111111 1111111111 1381111111 171111. 1211114111.

'tw-720. Ι 209

¹ 2111 1111111111 1111111111111111111111111111111111 1111111111
1111111111111111111 1111111111 1111 111. 111-1111111111111111 1111111111111111 din
1111111111111111 17112 111.-1111111111111111111111. 1. 2111.

211) 11111111 1. 111-1111111111 1111111111 1111111111 1111111111,
1111111111 1111111111, 11111111, 11111111111111111 1111111111111 1111111111
11111111111111111111, 1111111111 111 11111111 11111 [1111111111 77⁶7.-
11. 21111 111111111111. 111111· 1121.

Ι Ι271111 1111111111. 1. 11111 -31111’. Ex libro 1111111 charactere
1 111111111111.

2111 Novum 1111111111111· 1111111111 17711. k. 371'.

211111111111111111111 1111111111111 111 1111111111 1111111111 1111 1111
1111111111 11111111111111111111111, 111111111111111 cal. 11111111111117111. ’
.:-7· --1711

11111111111111111111111111111111 111111111111111111 1111111011· ·
1111111111 85. 111111 11 1111111 1111111111111111 11111 11111 11. vino
1111111111 11 111. 111111 1111111111 111111111111111, 11111111 1111111111111111111,
1111 1111111111111»111’1111111·, 1111111111 1111111111 1111111111 171111
1111 1111111111111111, k. 11711.

Ι 2111111111111111111111111 1111111 1111111111 111111111111111111111118..1.
1111111111 Ι1111 1111111111111151.3711-11711. - Equestris ordinis.
11. 111111 111111. -- 11111111. 1111111.

321 1111111111 1111111111, 1111111111 11111111 1111 ,1111111111
1 11111111111111111 w 1111111111.. 11,.’1111--.’111’1’,Ι

3311 1111111111 111111111111111 ,111. 111 Mei 11111 1111111111.
111111111111111111111111111111111111 1111111111, 11111 1111111111 11. 111
1111111111 11111111111111 1111111111 1111111111 111111. 111111111111111-
11111111, 1111111111 ’111111111111111 11111111111111, 11111111 1111111111,
1111111. 111111 11111111 1111111111 11111111111111111111111 1111111110
11111111111111 1111111111 1111 11111111 ’111111111111111111111111, od
11111111 111111111111111 1. 11. 1771 111111 211 1111111111. 1. 11117--11111,
¹ 1111 ,1111111111 lis! 1111, ,11711111 111 111111111111111111 1111111111
11 111 1111111111 1111111111. 11111--11111,

,11111111111111 1111111111 usum, 114. 2871 ,1101 ,1721 171,
377, 1111, 1811, 4o4; 1111111111) 11 1111111111 1. 327—337.

720. 11111111111111111111. 11111111 1111111111 11111111 111 XV, xvll
i 1111111 wieku: 4⁰; 11111 333.
11 11111111 111 1111111111 1111111111 17111. 1. 1, -- 1111111111
111 11 111111 171111. 1. 11 5¹. ·- 11111 21 septembris 17111.
1. 111-1111. Z 1111111111 7 8111111111111 17111. 1. 117-1111,
Ι2117111111 Ι1111. 111111111111111111111, 11111111 1111111, 11 ·
11111 111111 1111111111 17112, 111111111111111 11111111111111111111·
11111111111111 1111111111 1111111111 1. 2-3'.
3) 1111111111. 1. 11· ·11’ 1111 111 1111111111 111111111101111111-

1911111111. ,1111111111 111111111111111111111111, 111111111111111111111111
11-177, 2119-211, 2111-1-2111, 31111--31111 ·

1111111111. 1111. 1111111. 1. 111. ¹ Η .

 

