11 11111.

111111111111111 11111111 11111111 111 1111111111· 1111111 1111111111,
1111, w 11111111 1111 1111111111 1111 1 11111 1771. k. 211,
· 121111111111111111 1111111111. 1111111111111 1111 1111111111

17711 11111111 11 11111. 1, :ns-⁸29¹.

1111 1111111 1111111111 111111 1111111111“1.-’1111Ι 1111111111111111111111
1111111111 1111111111 1111111111 1111111111111. 111111 111. 111111

’ 1111111 111-1111111 11111111 11111111111111111111111 1111111111 1111111111

1111111111. w 1111111111 1 1111111 1111111 1111111111111111. 11111111 ,111
11 1111111111 1111111 1111111111 1111 11111111 11111. 111 1111111111
1771 111 1111111111 11111, k. 112-112,

111 11111111 1111111111111111 1111111111 1111111111 11111111111111
11111111111111. 1. 111-111Ι 1111111111 111 11111111. k. 111-1112

111111111111.11’.111·’. 1111111111 111111111111 1, 1771 1111171111-
1ΜΜ1ΜΜΜ1Ἣ4Ψ

11111711111111111 111111111 ,11111 111. 11111. 111111 1111111 pud
111111 r. 1771 1111111 111 111111. 11, 111-111. - 1111111771 11111-
1112711111. 11111 -112, - 1111111111 111111111111111,111111111111111.
111111111111111 111111111111. 1111111 ,111111111111111111111111111-
bruarii 1771. 1111-112. - 1111111111 711111111111111. 111111111111
1111111111 111111111111 11111111111111 11111111111111. 1111111 ,111
111 1111111 11111 221 1111111111 1771. 11, 112’-1.’1’.· -· 1111111111111
1111111111. 1111 1· 1111111 1111111111] 1111 111 111111 1771.
1ΜἉΜ. · 1

1711111 1111111111 ,111111 111111111111111 111 1111111111 1111·
1111111111111111. 11 1111111 1771 111 1111111. 11111 1111.

1111 11111111111111111 1111111 1111111111 11111111 11 11111111.
111111111111111 1111111 11. 117.

11111111 1111111111 11. 1111111111111111111 1111111111 111111-

. 1111111111. k. 72.

2111 1111111111 1111 11111 1 1111111111 1111111.11111111111111111
1111111111111111111 1111111111. W. ,11111 1111111111111111, k. 711.

2111111 1111111111 ,1, 7111111111 111 1111. ,11111111 111111111-
1111111111, 11111111111111 1111111111, 1. 1111-111,

221 11111111 11111 11111111 1111111111111111111 111111111111111.11111111
’ 1111111111111. 1111. w 1111111 1111· 111 111-11111111 17711. 1. 1111.

2111 11111111111ε 111111,1111111111111111111 111 111111111111111
1111111111, 1111, ..1111111111111 17711. 1. toa-um: -- 1111111111, 11771 Ι,

” 211 1111 1111111111 11111111111111 1111111111. 11111111 11111 1111111

die 111 8111111111 1771. 1. 11111- 11111. - 1111111111 1111111111
11111 111111111111111111111 111 w 1111111, 1111 21 1111111111 1771.

· k 11111--1111,

211 1111111111 1111,11111111111111111111.1111111111 1111111111, 1111.
1111111111 1111111111 1111 21 1111111111 1771. k. ner-m.

211 lm« mx. 1111111111 1111111111111 (1111111111 1111111111,”.

1111, 11 1111111111 1111111 11 1111111111 1171. k. ¹12-112‘.

nvo-1571. 11

271 1111111 1111111111111 1111111 1111111111 1111111111111 [111111-
1111111111111111111111111111 111 1111111111 17711. 11. 112 -1111, ·- 1111
111111111111111 11111, k. 11111.

2111 7111111 111111111111111111 1111111111 111111 11111111111 11111111
111111111111111, 1. 1111- 117,

2111111111 111111 xvia ,11111 1111111111 11111111111111111111
1111 mv. 1111111111111 1111111111, 1, 117’·--1111’.

11111 ,111 11111111111111 1111111111111111 1111111111111-1111111. 1111111
11111 111111111111111 1111 2111111 171111. k. 1111’·-·1211’.

11111111111111 ’11111111 1111111111111. 1111111111 111111111-
111111. 11111111 1111111111111111. 1111111111111 111111111111111111111111
111111111111111111 1111111111, 1111111 -11 1111111111 1111 1111111111
1111211 11111 171111, 1. 121 121’.

1121 1111111 11111111 111-1111111111 111111111111111111· 111 1111111111
111. 1111111111 ’1111111111 11· 111111111·11111111·.-111· 11111111111111111, 111111-
111111 1111111111. 1111. 11111111... 1111 211 11111111 1712, k. 122 122.

2111 1111111111 111111111111111111111111111111111111111111, 1111-
111111 11111111 11 1111111111· 11111111111111111111111111111, 111 111
1111111111111111111111 1111111111 11111111 11111 11111 quovis 1111...
1111111111 111-111, 1111. Ι*1111111111111111 1111 2111111 17111. 111211.
1111111111. 11111111111111111111 11111111. 1111, 1111111111 1111 111111111-
111 17111. 1, 121111111111111. 1111111111111111111111. 11111111 1111
1111111111 17111, k. 121. 1111111111.

1111 111111111111111 .111’. ,11111,1111111111111111. 1111111111 11111- ,
11111111. 1111111111 11· 1111111111 111 1111111 17711. k. 1211 127,

2111111111111111111 mv. 1111111111, 1111111111111111111 1111111111
1111111111, 11111111111 1111111 1111111111. 111 111111111111111·1111111-,
1111111 111111. 1111111 11111 1111111111 1771 11111111. k. 1211--1211’.

11111 1111111 111111· ,11111 1111111111. 11111111 1111111111», 1111-
11111111111 111111 1111111111·111111111111111-1 1111111111 17711 111
,1111111111 11111 11 1111111111 1111 12111111111111771. k. 1211--1211’,-
1111. 11111111111111, 1, 1·11’. ·

W)Wfflfflmmwwwssfflmmmssffw-fflTssffi-MOE

1111) 11111111 111111111111111111 1111111111 111111111111111111 11111-
111111 1772. k. 111 ·«112’,

11111 1111111, ,11111111 1111111 1111111111111111111111111111111, 111,

11111111111111111 1111111 11111. 1111. 11· 1111111111 1111· 3111111111-
1111. 1. 111 ·111’.

1111111111 1111111111 111-111111 1 1111111111 1111111111 1111111111

1111111111, 1111111111 1111111111 11111· 11 11111 111111111111111111.

571, 1111111 papicum 1, pisany 11111 11111111 1111111 11111111

111Ι.; 111. 1117.

1111111111111111 11111 V 11111111111111111 111111111111 11111111
’111111111111111111 1 1111111111 11111111111111111111 11111111111111111,
1111111111 1111111111.11111111111111111 1811111111, 11111111· 111111
’ 11111111111111. 1172.

11·

 

