1
Α m . 11111--11114

’11111 8111111111 1111111111 11111111 1111111111 111111111111111 1111111,

11. 1111 1111---11111111111 111 11111111111 11111111111111 11111111. 11. 1111,

1111111111511111111111111111111111111111111111111111111· 11111111. 11. 1111Ι 11111.

1111 ,11111111111111111 1111111111 Ι1111 111111111111111 1111111111111111111.
k. 11111.

171 1111111111 11111111111 111111111111111. 1111 1111111111. 11111111111111
1111111111, k. 1117 1117. ,111 11111’1111; 1111111111 1111111111111111111 111
111111111111111 1111111111,

1111 11111111 111 111-1111111111 11111111 11111111 1111111111 1111111,
k. 171-·17;'›'.

> 1111 11111 5111111111 1111111111. nabin-simi 111111111, 11111 111111111-
11111111 1111111111 1111111111 11111. 1111111111 111111 111 111111111 ,1111111
1111111111 ,1111 1111111111 111. 11111111 11111111111 111111 ,1111111111 111111.
1111711· 11111.

2111 111 Ι1111111111 1111111111 111, 11111· 1111111111 511111111111111
1111111111 11111111 1111111111111 1111 11111111111111111111. 11. 11111 42111.

211 111111111111111111 111 11111111111111111111111111111111 11 11111111111111111
ο1111111111 11111111 111111111111131. 1111111111 111111, k. 21111 2112.

221 111111· 7. 111111111111111 111 111111 111711. 11, 2111 2111. -
11 111111. k. 2111.

, 2.·111111111111111111 111111 1111111111 1111 Ι11111111111111111111 1, 11111.

11 111111111111111 1111 Λ1111111 Ι.”111”1. k. 2111 2117, -- 11111. 11111111
21 ,111111 111111, 1. 2111- 2111.

Na k. 282' 1111111111ῖ 1111111111 1111111111111111 thesaurorum lit.

1’11111111111111111 11111 11111111 111111 1111111111 81111111, 111·1111·111111111111’

A· (¹- 11. 1111111111111111111111111· 11 1111111111 111111). 111111 1. 111
1 71;111111111111111111 k. 11, 47.. 111, 75, mmm.. uon—¹20.
· 111-117, 1111, 1111.

654, 1111111111 1111111111, 1111111111· 1111111111 1111111111 11 ,1111
1 ,11111 11111111 1“’; 111111 ,1,17.
11111111 11111111111111111 11111111 111117, mx. 1111111111111111111

“ 11111111111111. 1111111111111111111111111, 11111111111111111111111, 111111111111111

Ι 1111111111111111. 1111 11111111 11111111111111111 1111111111 1111111 Ι2 3111111111
11111 111111, 11 111.
2111111111 1 1111111111111, 1111111111111 11111 1111111111111 1111111111111
1111111111111111111111111111 1111111111 111117. k. 111-47,
111 111111111111111111111111, k. 111·--21’.
’ 11 1111111111 11111111· ,1111111 111111111111111 1111111111 111111111111,

11211 -211Ι 111111 1111111111.
111 1111111111 1111111111111 111111111111 1111111111· 11111111, 11.21’1’-· 211.
1111’1111111111111 11 11111111 1111111· 11111111111111111 111-1111111111111Ι 111
,1111111111- 11111111 111 mx. 1111111111 1’1’111”.111111·.1111111. 1111111111111
- 111111111111111111111, 111 111111111111111 1111111111, 211 1111111111111 1111111.

Α k. 211 «211.

71 lus, 111111111111 1111111111 111. 1111111111111111111 111111111111111111·

‹ 11111111111111 12111 ’111111111111111111111 11 1111111111 ΙΙ 1111 511111111111111

, Midan-ku 11111111111111. 11. 1111Ι 117.

11114 1111

,1111111111 11111111 1111111111 111111 1111111111111111. 11. 211 ξ111’. 1111111
marm 711111 1111111111 1111111· κ 111111111111111111 1111111111. 11111111-
11111111111111111111111111111111111111. 11, 211 1111, 1111111 111111111111111
.. , , ¹
k· h Ι1111111111 1111111111111111111111 1111 11111111 1111111111. k. 12111 -1111,
11111111 xvia ,11111 1111111111111111 11111111111111111111 11111111111111
1111111111111111111. k. 111--·11-2’. 111111 11111111.
111 11111111, 1111111 11111111. 1111111111 111111111111111. 111 1111111111
1111111 1111111 1111111111111. 11, lm· 111. 1111, 11-11-1111, 11111.
11111 11111. 1111 1112. nm 1117. 11111 1112. 11111. {Mb-202.

2111 2111. 2ῖ12’--21”1.’1“, 21111. 271. .”11’11-·-ῑ1.”11·’.

121 11111111 ,11111 111111111111111, ,1111111111 1111111111111· 11111 ¹
111111111111 11111111111111 11. 11111111111111111111 Ι,11111111111·1111·1111 W 111111·
11111111111111. 11. 111·’Ι

1511 ,1111111 ,1111111111 1111111111111111111111111111111111Ξ 111 11111111·
1111111111 111117 1111 111 1111111, k. 1111, · 111111 mort: 11111111- '¹¹⁸⁰'
111111. 1111111111· 1111111111111, 1111111111 1111111111111111 11111111111111111·
7. 111111111111 1 1111111111 17111. 11. 11111 1111. ·- 1111 1111.11”11“11111111Ι

⁴ 11111111111111111. 11111.111“11111111111 17111. 11. 11111· 11111.

111 1111111111 1111111111111111,111111 1111111111111· 11· 11111111111111
1111 111 1111111111 111117. 11. Ι1·;’1’, 111111111111111 111111111111111. 1111111
11111. 11, 1111- 1111.

1111 11111111 κ 1111111111 111 1111111111· 111117. 11. 1111, --
7. 1111111111 1 11111111111111
17111,11.1711--1711’,·- Ζ111111111111 17111111·1111711.’-1,1.177’ 1711.
Ἄ 1111111111· 211 11111111 17111, 11. 1711. 1111111 11111111. 11111 11111111

171111. 11. 211· -·212. ΖΗΛ-11111 111111111111111 171111. k. 21111 21111.

7. 1111111111 111 11111111 17111. 1121111,- Ἄ1111111111111 1111111111 17111.
1, 2111 21111. 111111111111111117111111111111.

111111111111111111111111· 111111 11111111 111111111111111 1111· 111 ,11111111-
Ιι111· 17111,11. 117’ 155· 1 111.

171 1111111111111111 711111111111111111, 111111 111111 1111111111· 11· 11111-
111-1111111111. 1111- 1111, ¹ .

1111 1111111111111 1111111 ,11111 1111111111· 111111111111111111111 1722
11 1111111111111. 11. 111-«1111.

1111 111-1111111111 1111111111 11 1111111111. 11. 11111 11111.
1111111111»Ι 1111111111. k. 11111- 1111.

2111 11111 1111. 1111111111111111111, 111111111111111111 11111.. 1111 11111
,11111 1111111111. 11. 1112---11151

211 1111 .Ι111’. 1111111111 1111111111111111111111111, k. 11111 -11111,

’ 221111111111111 11 111111111111111, 1111111111111 11 1111111111 11111111
1111111111, 11111111111111111111 11 1111111111111111111111111111111111111 51111111111111111
111111112.·111111111111· 17111111111111111111111111111,5111111111.. k. 11111 · -11111’·

2511 111111111111111111 Μ,1,11·11111.1Ι 11111111111111111 1111 1111111111111
1111111111. 11. 11111 1711- Ι111 111111111111111 1111111111111111. 11111. 11111111-
1111111111 11111111 171111. 11. 2112.

 

