611Ι 1171 · 11711

1111111111. 1111111111. mviii-kniva 1111111111111111, 1111111111
111111111111111111· 1111111111. 1111. 111 111111. k. 23 211. Ι Ι
iiii 1111 .1.1ΙΙ“, Ι11111111111111111111, 1111111111 111111 111.-1111111111,
«io 1111111 11111 1111111111111111111 11111111 11111111Ι 11111 11111111·
11111111 11113 11111111 7. 1111111. k. 211’--33’. Ι
111111111111-11 1111111111 111111111111·11; 1111. 1111111111Ι 111111
1111111111 1. 17711 1311111. 111. 111111111111111 11111Ἰ’1·111·κ1·111
21 1111111111 17711. k. 1111 ---117’.11κ11111.-111 w 11111111111111Κ11111111111
12111111117711.11.311 11.·· 111111111111111111177111111 izi:
171111111111111111111111111 vion. 111111111111 11111111111111
W. 11.. inni-§zedim 11111111 1111 3 Aprilis 17711. 1111 311. ·
, 1111111111111111111171111. 12Ι 13. Ι Ι
“ 11111111111111 1111111 ,11111 11111111111111111. 11111111111111 sw-

1111111111. 1111111111111111111111127 ilai-iii 17711. 1117--111,
11111111 1111111111 1111111111. 111---17’.
111111111111111 1111111111 1111. 1111111 Ι1111111111 11111111.
ii-iii'.
k ¹ 2111 (111111111ιὶ1 1111111111. 111111111111,111111111111111111 1111111111
ἶ 111111. Ι111. iiix. 11111111111111111111111, 1111111111 11. 1111.. 1111111111
11111111111111111 1111111111111111111111, 111111 2. 11111111. 11· 1111111111·

11111 17 11111111 17711 1111111111 1111111111111, 1111111111111 11111111.
1111111111111 1111111111· 11 111111 1111111111. k. iii 1111, ’

2111111111111111111111111111 11· illustrissimi 11111111 11111111...
1111111111·11111111111111, 1111111111· 111111111111111111111111111·111111·11111111111·,
1111111111. 111111111111111111, 11111111111111111111 1111111 111111111111 1111-
1111111111 111111111111111 111111111111111 11 7111111111 1111111111111,
11111 11 1111111111 11111111111111111 11 1111111111111 11111111 ,11111111 111.
11111111111111111111111111 11111111111111111 11111 111 1111111111 1111 21111111-

“ 1111111111 171111. k. 111.”1’-111’.
’ 11111 11111 ι-ν11.

575. 11111111111111111111111, 11111111 1111111111 1111111111 1131111 111·1111;
111Ι.; k. xl i 11111111 2511. ⁸ Ι ¹

1111111111111111111 11111111111111111 1111111111 11111111 Ι11 11111111
1111111111 1111 22 ,3111111111 1773 1111111 11111 11 11111111 31111111
,11111111111111111111111. 11111111111111111111,1111111111 11111111 1111111111
1811111111 1111111111 11 1111111111. .

1111111111. 1111111 ,1111 11111 11111111. i. Ι 1 ΙΙ. ·

211111111111111 1111111 1111111111 1111111111 111· 1111111111
1111111111 1111111111111111111111· 111 111111111111111111111111111. 1111. Ι

31, 1117111111 111111 11111111 11 1111111111 11 1111111111111

11111111111111111111 111111 1111111111. k. ΙΙ,

1) 11111111 1311111111. 1111111 xiv: 1111. 1111111111... 21 1111111773.
1111 -ΧΙἏ ·- 1111. 11111111 13 Augusti 1773. 111. 13---111 -J
11111 1111111. nn 1111111111111 1111111111111, 11111 1111111111 1111111111
11111111 1111111111111111111111111111111111 111 domu 1111111111111111.

sir. 113-111.

1ιῖ 11, 111

Ji} 1111111111 1111111111111111 1111111111 1111111111111111111111 1111111111 ’
1111111111. 111111111111111111 11 1111111111111111 1111111111 111 1111111 ·
1111111111 11111111111111 11111111111 111 11111111 Ι2111111111111111 1773.
,1112 ii.

111 1111 1111111 111·υ.11111·11111111.1.111’. 11111111111111 11· intem-ie XX.
,1111111111 1773. 11111, -· 13111111111111111111 111111’111,·111111 (1111111111
11 1111111111 1111111111111. 1111. 111111111111111· 1151111111111111 1773.
,111.13. · 1111111111111111 1111111111111111111111111111111111111111
311 11111111 1773. ,111. 111. 1111111 1111111 1111 11111111· 1 11111111·
1111111 11· 111111111111 111111 1111111111 1111111111. 11111 11 1111111111
211 1111111111 17711, 111. 1-111-11-11, -

71 ,1111111 1111111111 1111111111111111111111 1111111 1111111111111111111·

ὁ11111711 11111111111111. ,111. 11 11.

11) 11111111 11111111111111111 11111111111111111· 1111111111 111· 1111111
111111111111 1111111111 111 111.-11111111 1111111111, 11111111 1 ,21111111-
,hi-is 1773. ,111. 111.

111 1111111111,111111111111111111 1111111111 11111111118111111111·
,11111111 1111 1111111111 1111111111, 1111. 11 1111111 1 1111111111 1773.
111, 111. „. 1111. 1111111111. 1111. 111111· 12 1111111111· 1773. 111. 111.

1111111111 1111111 111111111111111 1111111111 11111111111111111111
7111111111111111112 ,11111111 1771111. 11 17.

il) 111111111111111. ,111. 17. 111, 22 · 21. 211, zizi— 31. 33111111,
111-12, 111-«111, 112 113, 111, 1111111. 117, 73711173 112,

11111111, 1112--1111, 11111- 111, 111 1111, 127, 1211, 111. ν

1111» 11111, 1111 11121112. 171. 11111-21111.21,13, 211121111-’21111ι
2117 2111. 211» 2211 18111111111111 111111111111111111111111, 2211, 227,
2.·12-2ἵ11,212 2111.

121 11111111,11111111111111111111111, 1111111111 11111111111111111, 11111111-
111 w. 11111.. 1 ,11111 1111111111. 111111111111111111,11111111.1111111111111111
S. 1., 11111111 1111111111, 23 511111111111111 1111111111. 111. 17· 111.

13) 11111111· 1111111. (1111111131. 1111111, Pramum, 1111111111
1111111111113111111111111 1773. ,111. 111 -211, ’

111 list iiix. 11111111111111111111111111111 S. .Ι. 1111 iiii’. sko-
1111111111, 111111111111 11111111111111111111, 1773 11111111111111311111-
11111711. ,111. 211.

iai) 1111111111 1111111111111111 111 ,11111111 (1111111111111 111111
Ι1111111111111111 1111111111 31. 111111 1773 11112111111111111·1111111111. ,
,111. 211 -121, 1111111 11111111. 111. 21 22. ἢ

111111111111111 1111111111 1111111111Ι 1111111111111111 1111111111
1111111111 111111111111111111111111, 1111. 11111111 11131111111111 1773.
,111. 22. 1111. 1111111111 111111111111111Ι 1773. 111. 1111 -111,

171 iis! 11 11111111111111111 Novembris 1773. ,111. 22.

1111 11111111111111111111 11 1 1111111111111111111111111111111111111
11111 ,1. 1111111111111. ,111. 21.

111) 1111111 1111111111111111111111·ιὲ 11111111 111111111111111111111111 “
1111 111111111 1111111111 1111111111 1 11111111111111111111 111111111111. ·
,111. 21· -211,

 

