m mm

1111101 1111111 5106111066 161161611101111.160106, 1111610116

, 0661161610, 17117. 1. 16’-111. - 110 0000161116 6660611116 006-

= silium. 1166 w 1101666610 11 16101616 1767. 1. 211. -116 1111. -

1100611011016, 60166661116106011010. 1101166061616010161. Dan
- w 1101066610 311000 1767. 1. 11-111. 11060666 11061 z 11111-
601100 21) 111111 1767. 1. 1111-61. - 1161661601 11101

1106010110. Dan w 1110160610 6 11106 1767. 1. 66”--1”111’. =
,121 1166110111 1101061016 6161606166 6 W. 1. 1,. 1101101111,
.- 1101161661 6 116110661061166610 1766, k. 20-21.

1111061011016010 1111661166 1 6161606166 w 61110111 11101·
= 111066 20166100 1767. 1. 21-21’.

111 1111661111Ι 16616 11101166611616, 61616011 06011166011616,

601016606010 66 6011. 1111101 06 166101166ογ1 1616101101 116616,
211 16101616 17117 6 1161610610 011000. 1. 26’-26.

161 11161110 016166060610 11111 166166 z 0111116 111661106-
11101060 661. 1111101 11111111611601016 1661161011. k. 26-27.

16) 11066 60 6611. 1111101 6166161660 1616616 1616661767 ¹

66162816101610 111001. 11111 1011011160 7011111 601010660010
0610610601601161611106166 W. 1. 1,. 1. 27-26.

” 666060660601

161 1161601661 1106116016 111010161111016, 0110111100 1611, ’

100106116011 6610666666 116166011616 6101006110, 60 0101111
11166116 106101101601101 6610661660 1101661111016. 1161616 110-
6 1111116610 2716610 1767. 1. 11-111.

1616011011,111116610161166 106166016011011 ρο 60106661.-
160011 0111061011 0060 1767. 1. 13-31.

, 261 1101110606010 1061110160 W. X. L. 1111101066 6 1111610

. r· 176271,1111631111111610611166110111011061060111106. 1. 1111-111.

, , 2216100111 110110161661011010011 1110661101 101010 11116 11101
1106616616 1767. 1. 116-111.

k 4l2t3llftkcos 1111. 1110111166 1161661616160111166161601161.

211 1661161010 1661661 06 106116016011 116001οΙ601 1116-

61601111. 1. 1,. 66 6611. 111101 1161011016 Ι10011666110110 1. 17117
11616 13060160611660. 1. 12 -11,

261 11061161 1116111661 66 1061011616011 10110161601101. 1161.
w 11011016111 6 11160 17117. 1. 11-111’. ·

2611661060111016 1000101ηο w 1166016111 1 1767 11016 21
0101606 66161660. k. 111-111.

2711611161010 06 610666 1111106160 1161011010 110610601666·
61011 11111111. 1060 1101606111 6106101610, 1066101060 1616661610,
11060600 6.1., 11111. ex 1100010110 01 equestri 016160 110 61010 60-
1010666161 6600 . . . 1767 w [1161616101. 19--111, -1161611161-

61111010611111011 411-101. -- 1101611116011 1666161166 1 osu· Ι

66 00116111 .

1,,711, am ’

010116116101616116111116611 1. 611-61. - 1161111116ι1οῖ1111101ὲ120,γ
16116,1660161616610166 66161 6111116160 1111101066 1111. . 1

261110116101161110666 61001060166061011 6011111016 0106011.
1. 62-66. ,

211) 1161601661 10. 1016 11101 1106616610, 1616011101οηοῑ
161601 106106016011161. 1101. w 1101106011 6 16111 1167164-63.
-1161 od 100106010011 1000101601 1101. 01606 10161 16061 6
1111). 1606611616. 60106661 116166111016, 10166661616016161.,
6116661616 21 111111 17117. 11117-611.

1111 11006110 1661010160111111. 1606661616, 01616011 1116-
116111011116, 11111, 1161666111110, 6110116116 16011016, w Busku

· 1100161661 17117. 1111)-111.

311 1611101010 1111). ’1061161061 11’06601061,,11066111116011ἶ1;6
w. 161, 16 pleno 01061011010611010111116666 1161101 dana 6 ·
(10161616111106 17117.1.111-61“1’. . Ι ⁶

121 11666 1111. 1061661161), 6010666600 1666123166,ἔ
1661601116 166106016011 610161 6101066101, posia od 106 011101

’ ⁹. 1060101601161.,11011111011610606 1161006610 1767. 1. 66-611.
171 16611111601611006 0101101111, 16010 ³³9 w mk„ τ

1211 1111661011 111. 1111101 11606 1660101·ιο w. 1101.. 1001661
66110116010011161. 6666 6666 01 610 61 0610611. 611-611. 06

1061061 1161161166 66 116116 ο111101Ι 111. 1111111116 1060101611ι1181ιΙΙ 111111.
11601661 611 106106016111 1110661101 6666 610 01 6666 6 p

- 1. 611-70,

111 1116160110 166106116011 1060161611 161. k. 711ῖῖξῖ
1161011111 11), 1010 1606611116 166106010111 1060101601. 1. (ti man:
- 1111611116 1061661166 6010666116 1 1616111οη06 a¹ e.. k.
1. 72-72. - 11616110 6011010110 ι1061060111011 10001061 ..
72’-71. -1161611161 66 160166016011 1060111001 1101. 611 10101111
1166016110. 11111 w 110601611121111100 171611.1 111ξ71). mommo.

35) ΛΜ 110· ιι01111111118011117111111711( Ὗ 11111 1166101101οΙ.
1111111116611111111111111116, 1111666116. 1.. w 1111166111.7 ltk 35¹:ss
1161611. 11611161. w.. 1.
- 11111111 1111166· 161106616010161. 11161 160161666110161 ι 10-
6016111 116161611110. 1. 111. ι Ι

661 1161110 11616 611 ’1111001110 16606010. 1. 61-61, Υ

1711101111. 11010 1161116011 6111116, 1661610 11111666 1016,

1111 6610666616 1 61061 60 00161111 11110660116660. Dal. w 1101610-

61061016161116111761162411. -1111601111111, 1116111 01101 ι ·

61166 6 6066010 1 0611111111 66 00111 1166160166011161 17117 116, ¹³
00166116. 110 110101 60111 w 001166106011 od 60610100111611010
Ὴί91161111101611 11116660616 6616160166 6610666660 1101011016..
1. 84.

 

