18 11116.

12) 1111 11110 110111111111010 10 1111). 1111110, 101000110010
11010010011000.111. 1111. 11010001. 111. 1111.

11 1,·11001101100101 1111101101Ι 1111101. 1111010110 11· 11111-
1111110 11010 1111 11011100 171111. 111. 1111 --117.

11) 1111101101 1111111110 1101101010 1111111110, 1101011)
0111111011111010. 111111101101101111101111 1111011001 111 11111 111111.
1 ,117-1111.

π- 111) 1110110111Ι .111’111.11101110111’111 10010110100111111 1101010110
10110110 11011 1111011111) 11110 11 1111100 171111. 111. 1111- -1211,
1111010 110 10110110 101111110111011111011 171111. 111. 11111 122.
1011011111 1101110. 1101. w 0110110 11011 101111111111111111 111111.
111. 111---111 Ι

11)11101100110 10 varios 1001111 111οι11010 0011011 10111.
1 . ¹23.

u 17) 110011111ηηί0 01111101οΙ0 0011111010 0 111010 011101111ιο
01011101110101111. 1211- 1.·111, .

11111011010010 11111101. 111. 131-1111. 1101101101 1011οῑ1..
1110 11 1101110110 11011711ρο0 171111. 111. 11111--11111, 1111001111.
· 1010111..107.ι11010 101110111111 1101101110 1111111111 111111 10111101
1010111010 examina. 111. 21111.. ι Ι

111) 1111 0111010111 11011110) 110 011. 1111101 1111001 11010
2110111111. 171111. 111. 1111- -111, Ι ·

1111) 1101100110 ,1010 1111111110 1010111000 1Χ.111011111011111,
1111000110110110011001, 17111. 111. 111-1112. ⁸ ·

111) 11101 011 101111 10111111010 1111111 1110101. 1111010110
11 1111111 171111, 1111. 1112. ¹

12)111001111 1. 1000011011 1101100010 111107. 110110 1101110101

- 1011000111 01001011110110,111010 1111010 1010111110 0101111 1111011

01011101 a [10100110 0101001110 1101101 0110111110 0110100110
2 11111111 11· 11001100110011011 17111 po 11101101Ι 1111110110 01101110
1111001111. 1112--1111, Ι Ι Ι
111) Epitaphia quadrina 1101110111 11111, 00111101 11011110.
. 11.
ω 1111) 1101001111 111100) ,11101 11010111 1110100111 1111011001
11011 01110010 11101011110110. 111. 111-1117.
111)11001111111.111.1117--11111, , · υ ¹ ..
1111) 111 1001010100γί 1010111110 1111011130 1110 1111 111111
1711111111. 111-1111, .
117) 1101101111 ,11111 1001110110 110011 0101101110) 1110111011 1110-
0001101111010. 1111110 sie 11 0110110 [1011110111010 1110211010111111.

· 1111. 11111.

1111) 1110111010 11101111101011 0111 1110110 1 1101001101 1011·
’111011001011110..111,171-1711, Ι Ι ⁴

1111) 11111111. 11101111 10111101111000 do 11010 ,11101110011111
posta wielkiegc», [1100110 10010 1711110 10111010 1110111001οη).
ψ’ 131111111011001011010111 11101111101111. 1711-1711.

³⁰⁰· 11

111110 11110, 011 10001 1011, 01. 011. ’ ’

1211101 00101010) 10111 101111111οΙ1 0100011001 101010-

1111, 101110111001111 1 00111, 10110 110 1111111111 1111111110 0010111101,
17111111·1)1110111.111. 1711- 1112, ’
ι 1.·1) 1111111011 ,1010 ,11101 1101011110 110111001110’,”·00001010
1 101001110110 1000101001 111111 001). 1011111010) ,11101 11110)
1101111. 110111 1110110 11010 11110100 17111. 111. 1112 11111.

1111111010 10101οΙ00 1110111111. 1111.

1111110110 ,11111 11101010 ’110110110νο 10 00110110 nobilium
111110110011 111. 111. 1117-11111. ·

1111)1)11[101110111-0100 111. 1110100111 X! V 10010 00110110101111· ·

- 111101111111100100111. 1111.

117) 1110011011 0010110110 00 1011101001 110101111711111 171111.

“ 111. 111-4111.

1111) 1101000010ον1101111101101111110111011 11111 171111. 011. 1111.
111)1101Ι1100)0 10111 0101001111οῙ z 0111110110111001 110111 ’
1111001110 1111010111,1111101011010 010111011110 1 11111011111011101-

10110100110, 1111111011·οιιο 1101101,ἰο 0011. 1001011111110100101110
21 1111111171111.111, 111-11111.

711) 11111001011010011 11111110). 111. 111-21111.

71) 11111 ,11111 11011 11001ιο111100, 1011010110 1100111100
1011111010011 11011110), 110110101111111, 11001 1 ,1111101111 1111101·
10011 1001011110γί 1101001011, 1011001 11100110101102710111 171111.
m 21111211111111110111 00 0101011100101101001101111001,10101111111
0);112·)1ιι;0-,2111311·0111, 1101111001 1 1101110101 1110101 00111101 171111.

711 11110010110100110110111101 171111. 111. 210-2111.

71 1010111110 super 0010111111 0011. principis (1011011111, “ ’

00110111011111. 11. 1,.. 1111000. 111. 211211.

71)1110110 1111). 110100101111010, 101110110101 11111010, do
1111101, 111. 211-2111.

711) 1111110010 101101) 01100110110001Ι 110001 0111110111
10 1 Septembris 17111111111100101.111, 2111.

77) 1111 101111010ογ1 1011111111νο 1011111100. 1111110110 ’ ¹ ,

11· 0110110 0011 111111101011010 211 .. 171111. 111. 2211-2211.

711) Apologia 00 111001101111111110001110111111 171111 0011-
01001. 111. 2211-2211.

711) 110110110101 musci 110101011111. 1110101101 101100 ·
(1101100111 01 districtus 1110100110101111. Dan z pod 1101101101 -
1110 211 10111 171111. 111. 2112-233.

1111) 11111 1111101 0111111000 [1111101111 11) do 1101011101 110·
1111111110, 1101010111 1101111010. 1101. dio 11 Augusti 171111. 111. 213.. ·

111) 11111 ,11111 110101111010, 001111111οι 11001111ος0, z 1110110111
1110 21 Septembris 17111111. 231. ’

112)1,1.11 11111. 1111101111, 11010111 101110011010, do 10.
,1010 ,1Μο1 1101010111 10111010161110111110001011101 die 2011110-

 

