m 111-111111.

’ 11111111 11.1111.1, 1. 21111 ·-2111’. -- 1111111111 11111111 1111 1111111·
1111111111. 11111. 1111111111111111 1 1111111111 171111. 12111· 2021 -
1111111111 1111111. 11111111 111 1111111111111· 11111 21 1111111111 17111.

1) .“,,.“’”“
’ Ιῐ’’11112112111111111111111111111111111111111111111111111. k. 2111 -- 211. ’

1111 7111111· 111111. 1111111111ἱ 1111111111, pru-z 1111111111 1111111-
mem 11111111111. k. 211- «2112

111111111111111 1111111111 11111 1111111111 11111111111111111111
111. 111. ,1. 111111 11111111 1111111111111111111111111 1111111111 1 1111111111-
111111. 11111111111111 1111111111· 111 1111111111 17111. 1. 2111· -2111,

1171 11111 11111111· 1111111 11111 1111111111. k. 237¹. -- 11111111

1111111111, 11111111 11111111 nie 1111111111. 121172- 1111111111111 .

11111111· 111111 Ι1111111 1111111411 1111 11111111. 1. 21111, -- 111111111111111
1111111111 1111111111. 1. 2.·-111,

11111 1111111 ,111111111111111 1111111111 1111111111 M 1111 1111. 1111111·
1111111 1111111111111111111 1111111111. 11111. 1111111111)... 1111111 1111111 17111.
k. &tufi-239. .

11111 1111 11111 11111111111111111, 1111111111 1111111111, 17111.
1123111111,

71111111111111511111111111111, 1111111 1111111111, 1111 1111111111 11111111Ι
1111111111, 11111 11111111111111 111· 1111 1111111111 17111. 12111 -2112 -
111111111111 1111111111 1111111. 11111 11111111 111 1111111111 171111.
11112111, ·- ,1111111111 1111111. 111111 11111 1111111111ῑί 111111-
· 1111111 ,111111111111111111 111111111 w 1111111111 1111 1111. w 1111111111

. 11111 1111111111111 171111. 1, &usn-⁶2⁸2. Jurnnwnl 1111111 1111111·

1111111111111111111·111Ι1 3 111111111111111 171111. k. ‘2⁸‘ae 1111111111
&omnam-vj 1111111 1 2111· -21112
71) 1111 1111111111 11111 ,11111 11111111111111111 111 1111111111

, , 1111111111. 1 2111211111.

’ 72) hist 1111111111 111 111111 111111111111111.Ι 17011. k. 2119 -«21111’.
71111111111111 1111111111111111 11 1111111111 1111 111111 17111
1111111111 17111. k. 21111 -·211·2’.

711 1111111111 1111111111 111111111111111111 ,11111111 1111111111 11111.

111. 1111111111 11111111 1111111111. k. 2621- -11111,

Κ. 51 11111 1111 1111111111.

m. 11111111111111111111, 11111111 1111111ιὶ 1111111111 11 XV! witeka:
111111 k. 284-280 1111111111 11111 11111111 4“;
- 1. 181).
l) 1111 111111 11111111 111111 11111111 11 1111111111 1111111111
[1111111111. k„ 1--111,
2) 11111. 11111 1111 1111111111 1111111111 11 1111111111 1111111 110111-
1111 111111111111111 1111111111 ,111111111111111111111111111111111111111111111 1111
vio 1111111111, 11111111 1111111111 111111111111111 11111111 1111111111 111111-
111111111111111 generali. 1111111111 Νο1111111111111111111 Ι11111111111111111111
” 11111111111112-111,

⁰⁵³· 111

,11111111 ,11111 11111 1111111111 1111111111111111 1111111111 1111111111
1111111111 1111111111111111 11 1111111111 1111111111κὶ 11111 111-’111 ,11111111
,11111111111 11111111111111 11. 11, 111111 1111111111 Ι1111 1111111111 1111111,
1111111· 1111111111111111, 11111111 1111111111· 11111111 111 11111111 1111111111.
11, 1111 112. 1111111111. 111· 1111111111 1111 1111111111.

11 111-111111 11111111111111 1111111111Ιί 1111111. 11111111111111111111 por
1111111111 111-11111111 1111111111 11’1111111111111111111 11, ’1’. 11· 1111111111111111
1111111111 1111111111 1111111111 11111 1111111111 1111111111, 1111111111 1111111111
111111111111111111. 1. 111 1111.

111 1111111 Ι111111 11111 1111111111 111111111111111 111111111111111111111111
1111111111· 1111111111· 11111111 111111111111111111 1111111111 11111111111 11111111
11111 111111 s, ,1111111111 111-11111111·Ιὶ 1111111111 1111111111111111111 patre.
1111111· 1111111111 1111111111. 11111111· 1111111111111· 1111111111). priore 111111-
11111111· 1111111111. 1, 111 7.·1, 111·11111111,1111 1111111(Ι ,1111 1111111111.

111 11111 1111111111111111111· 11111111111111111111. 1. 711- -1111, 1111 11111115
Finis 111111 1111111111 11111111 1111111111 11111.

1111111111111111 1111111 1·Ι 1111111111· 111·11111111111111111111111111111111-
11111. 1,1111 1111. 111111111111; 11111.-111111111111111 111111111111111.
1111111 1111111111 11111. ,

111 111· 1111111111. 1111, 1111111111 1 11111111. 1. 11111 11111.

111’111111111111111111 1111111111·.11111111111 1111111111 111111111ιὶ1 1111111111
1111111111. 11111 1111. , · ’1111 11111111. k. 12111112 111111111111ῑ El

11111 111111 11111111.

1111 11111111· 11111111 1111111111, 11111111111111111 1111111111 clu..
111111111111 11111111Ι 1111111111 1111111111 1111111111111111111 1111111111 1111111

’1111111111 1111 1111111111 111711 1·1 1111111111111111111 1111111111· 1101111111·

1111111111 ,1. 111111111111111111111 X! 11, 1111111111 111111111111,1·,11111111111

= 111111111111111 1111 1111111111111 1111111111 1111111111111, 111111111111111

111-1111111111111, 1111111111 11 11 11111111111111111 1111111111 1111111111.
1111. 1111111111· 11 111111111111111111· 1111111111 2 (1111111111 111711.

1. 111 -1111 - - 1111111111111111111 1111 11113111111111111111 111111111111111111

1111111111ι opi-‘cupos 1111, 11111111111111 11111111111 1111111111 ,1111 11111111
1111111111111111111111111 111711 11111. 111 111111111. 1111 117¹.

111 1111111111 11111111111111111111 1111111· ,1111 11111. 1111111111
111Ι 111 ,11111111 111111. 1. 1111. - 1111111111 1111111111 11111 1111111111
111111111111111111 1111111111 11111111111111111. 1111111111 111 1111111 111113.
1. 1111 -1111,

121 11111111 111-111Ι k. 1111 1111. 111-11111, 11111-1711.
1 11111111111111111111111111 11 1111111111 11111111111111111· gloriosissimae
11111111 111111·1111,11·1111 1111 1111111111, 11111111»Ι 1111111111 saphicum
1111111111 111111111111111111111. 1. 111-1111, 1111111 11111111.

111 1111111111 11111111 11111 1111111111 1111 1111111111111·Ι 1111111111
11111· 1111111111 1111111111111111111, 11111111111111111111111, 1111111. 111111 ·-11”111.

1111 11111· 111111111111111111111 11111111 ,1111111111 11 1111111111 1111111111
11111111 1111111111 ,1111111 111· 1111111111 ,1111111111 k. 1111 1512-- 111111
1111111111 111111111111111111111111 111111111111111111 1111111 11111111 1111111
1. 1112. 111111 1111111111. k. 1111Ι - Aliud divae 1111111. 11. 1111-

 

