«1:21

1111111111111111.1111111111.- 1111111111. 11111 111111. 1111111111.
1111111111 11 111111111111111111. 1111, 1 1111111111 1111 111111 111111.
’ 1117111- 1111.

11111 1111 mv. 1111111111111111 11111. 111111111111 1111111111
11111111111111111. 11111111111111111111. 1111 11111111, 111. ’111 Α1111.

11111111111111115111 1111111111 1111111111111 1111111111 1111111111.

111 11111111 1111111111 1111 1111111111 11 1111111111111111111111 11 1111111111
111111111111111111111111 11111111» 111111 1111111111 1111 1111111111 11111111
1111111111111111 1111111 5111111111. -11, 7.·11 7111, 1111111111 1111111111
1111111111 1111111111. Ι111. 11111· 711.
, · 111)1111,11111,11111111111111111111111111111111111111111111111.111-11111
κ 11111111 1111 21 1111111111 11117 111111, 111111111111111111111111111111.
11111111111111117111 11 1111111111 ,11111 ,1.1111 111· 1111111 1111 11111111 1111·
111111. 111. 71111-71111.

11111 1111 11111.111111111111111 11111111111111111 11111111. 1111111
111111111111111111 11·’111111·11111111111111111] 1111111111 11 ,11111111 111117.
111. 7:3⁴5- -1112, .

11111 ,1111111111111111111 1111111 1111111111 1111111111. 111, 11111 -111,

1171111111111111. 11111111 1111 1111111111 11111 11111111 1111111·
. 1111111 11 11· 11111111. 1111111 11111 111111 1111 1111111111111111 1 11111111
1111111 11111111· 1111111111 1111111, 111. 772-7711.

11111 111-11111111111111111 11·111111111κ1·1·11 11111111 111111 1111111111111111111,
1111. 111-7711,

. 11111 8111111111 1111111111 1111111111 1111111111 111111 1111111111
1111111111, 111. 7111 11111, Ι1111111111 111. 11111111 5111111111.
,11171111 7112.

1211111111111111111 1111111111 ,1111111111 11 1111 1111111111 1111111111.
111. 1111 711111111111111, 111. 111111 1111.

rm 1111111111 11111111111 111-1111111 111 11111111 1111111111 1111111111
111811111111111111 1111111 11111111111111111 1111111111 11111111111111 11111-
1111111111111111111111111111 11 1111111111 11111111 1111111111111111111

111111 11 11111111111111 1111111111 11 1111111111 1111111111111111111111111Ι 11 ,

111-1111111111 111 111111 1111111111- 1111111111 111-11111111 111 111111

. . 1111111111111 11 11.11,1.,111, 1111111 11111111111111111,1111111111

1111111111 11111117 1111111. 111, 71111 - 1117. ‚

m» 1111111111 11111111 111 11111111 111111111111111 1111 ,11111 111111·-
11111111 111111111111111· 111111. ,11111 8111111111. 111, 7111, 1111 11111,
,11111111 1111 1111111. 111, 7111 7111.

12311 1111111111 1111111111111111111 1111111111 111111111111111 1111111111-
1111 1111111 1111111111 1111111111111· 1111111111 111117, 111, 1111- 71111. v

1111111111111 111. 1111111111 1111111 1111111111 11111111111111 1111111·
111111111111111111111111111. 111. 7111-71111. ,

12111 11111111 1111111111... 111111 1111 11111111111111111111.
121 5111111111111 111117. 111. muz-⁸⁰7.

1211111111 mv. 1111111111 kun: 11111111. 1111111111 1111111111
11111111117111111111111]1111111111 111 Ι1111111111 111111. 111, 1111. -,

0

111

1111 xvia ,11111 1111111111111 1111111111. 1111111111 ’.17811111111111 111111
111. 1111-11111,

1271 11111 mx. 1111111111 1111111111 11111111117111111111111111 1111
,11111 1111111111 1111111111111111 111 111111 ,111 Ι1111111111 111117,
111. 11111 w. 111111111111111111111,1111111111111111111111111. ,
111. 11111 111111, 1111111111111111111111111111111111. 111·.1111·.1-1111”1. ·

12111 11111111- 11111111 1 1111111 11111111· 111 1111 1111111
111111111111111111111· 1 1111111111 1111111111 111117. 111.1121--11111. ·

12111 11111111 1111111111. 1111111111· 111111111111111111. 1111 111. 111. ·
11 1111111. 11111111111111 11 11111111111111111111 1511111. 111111111111111111, 111111.
1111111111· 1111 1111111111 1111111111 111111. 111. 11111 1111. ¹ ·

11111 1111111111 1111111111 1111111111111 111 1111111111 1111111111
11· 1111111111 11 111111 111111. 11111111 11111, ·

1111 1111 1111111111 1 111-11111111 1111 Ι1111111111 1111111111111111
1111· 1111111111 11111. 111, 111111 111111 1111111111 111, 1111 17 ,111111111-
11111 111117, 1111 11111 11111.

1.“1·.)11’111·1·1Ι.·11111 1111111 1111111111 11 1111 11111 1111111111 1111
1111111111 11 1111111111 1151111111111 111111 1111111111. 7111111111.
1111111111 1111111111», 1111111111 111-1111111111, 111. 11111--1171, --
1111111 111111 111 1111111111111 1111111 111 11111111 111-1111111111.

111. 1171 -- 11711.

11211 1111 1111111111 27 Ν11111111Ι111, 111. 111111 11111.

1.·111 11111111 31111111 κ ,1111111111111 111. 111111 1111. ,

11111111111111111111111111. 11· 111111· 1111111111 11111 111111111ιί1
11 111. 11111111111111. 111111 1111111111, 1111111111· 111111111111111 11111111
xvia ,11111 111 111111 111. 11111γ 11111, ·

131111 1111111 ,1.1111 111111·11·11111.111, 1111111111 1111111111111111, 1111
1111111. 111. 1111 11111.

1171 1111 1111·Ι 111111111111 1111111111 11111111 1111111111111111111111
1111 11111. 1111111111 111111111111111111 151111111111111 ,1111111111111111111111
11111117 1121, ’

11111 1111111111 111111111111111111111111111111111 11111111111111 1111.
1111111111111111111 111 11111 1111111 11111111.11111111111111111111111111111
1·. 11. 1111111, 111. 11211- 11112.

111111 5111111 111-11111111111111111 111111 11111 111111111111111111 111.
111111 ,1111111111 11. 111. 1121.1 -·11.“111.

11111 11111111111111111 ,111 111111111111111111111. 11111111 111111-
1111. 11111. 1111111. 111. 11111 1112. ,

1111 1111 111 1111111111 111111111111111 111111111111111111 1111 11111111
111111111111111.’1111111111 11111111 111111, 111. 11121 11111,

1121111111111111111111111111·. 1.·171. 111. 11111 111111. 1111111111111111.

1111111111111111111111 1111111111 1111111 1111111111 1111. 11· 1111·-
11111111 1111111 111 1111111111 1111, 11111111111111111. 111111111111111111111
1111 1111111. 1111111111 11111, 1111111111111111.

1111111 11 1111111111 1111111111· 1111. 251121, (111-1121, urat
111111 11111 11111 11111111 111 111. 11511 1 111 11111111.

 

