250 . τεο.

1111111 ,111111111111111 11 1111111111 1111111 1111111111 1177111.
-11, 11111Ι 1111,

1ῐ11 1111111111111111111111 111111111111111111 171111. ,1111112 - -11111,
’1111111111 1771111. 1111 1117. , 1.·11111111771
1771. Ι-11, 11111 1111, ῖ1 11111111111 177.“1 ι- 21111111111111111 17711,
111. 1111-7711, -- 111 1111111111 17711 111 111111 17711, 111. 77141111.-

2111111111 17711 2 8111111111111·Ι 17711. 1111111111 ⁸ 11311, -· 3 1111111- ⁵

111 17711,Δ Ι111, 1111 ³351.- 1111111111 171111, 111.11ἔ111...11;111, -
111 111-1111111.- 17111 -ψ 111 1111111111 17111. 111, 11111 -·-1·171“1, -
11 11111111 17112 - 11111111 17112, 111. 11711-11111. 27111111 171111
171111111 171111, Ι-11, 111111 11117, · 7111111111111117111. Ι111, 1121, -
. 11111111111111· 1711111111 1121111111111111111.

11111111 111, ,11111 ,11111 1111111111 111111111111 5111111111 1111
mv. 1111111111 1111111111 11111111, 111111111111111111 171ῑ1.
111. 11117. 111111111- 11111111 111111111111111111 17111. 111. 1111141211.
1111 .1,111’ι 111111111111111111, 1111111111111111111111·.,’1111 1111111, 1111111111
111· 1111 .”1 1111111111· 1711. -11, 11211 -1121, · 1111 111111 1111111111
111-1111Ι 11111111111111111111111111 111111.11111111111111111111 1111111
2111111111111 171ἴ1, 111, 1121 1122. 1111111111 1111111111111111111
1711111111. 1111 1111111111 11111 111111111111111 Ν111111111111
. 1111111111.) 1111. '

171 111111111111111111 1111. 111111111111 1111 111. 1111111111 111111
’11111111 11111111111111111111 1111111111111. 1111, 11111111 111111111111111 111111.
« 111, 11211- 1127. 11111.111111111111111111.71·11111111’.1111111111111
1111117117.111·,11111 1111, ·

11111111 1111111111111111. 11111. 11111111 11111111 xlv 11111. 11111111
1121, 111. 11111,

111111111111111111111111111 1111 ,1111111111 7111111111. 11111111111111111111· ’

. 11111111. 11111. 1111111111111 111111. 1111111111 11311. ·- 1111 Ι1111111 1111-
Ι11111111, 111-’1111111 1111111111111111111, 1111 111111.. 11111. 2⁴2 lunii 1111111.
Ι111. 1111--1117, 111-1 1111111, 1111111111 1111 11111111111111111.
Ι«11111117 11111, -- 11111111111111111111111111111111111. 1111111111111-
11111111111111, 111. 11111 1112, 11111111. W 1111111111 12 111111 11111,
111. 1112-«11111, 1111 1111 11111111111111111111 1111 1111111111111111,
111, 11111 11111, 111111111111111111131111111111 111111, 11111111-111111.

2111 11111111 1111 11111111 1111111111 11111111 11111111 111 111111-
1111111111 1111111111 11111111111111111 11111111111111111.1111111111- 11111.

v ’.111 1111111 111111111111111111111111 11111111 1111111111111111·
1111111111]Ι 111111 1111111111111111 1111111111. 1111. 111111-111111,

111 11111111111111111 111111111111111111311111 11111111111111, 1111111111
111111111111111, 1111111111 111111 111111 1111111111111111111111·111111111111.1111·
111111111111111111111111.,11111111111111Ι 1111111111111111 1111111111. z swmly
1111111111 1111, Ι111. 111111 11711

2111 1111111 ,11111111111111111111111111 1111111111 11 1111111111 w. 11111,
11111111, 111, 1172- -1171’1.-· Nn 11111111111111 ,1111111 1111 1111111111 r. 1111ἓ1.
1111. 11711 11711. - 1111 1111111111 11111111. 1111111 1111111111111111111-
1111111111 111111111111, 111.11711·111111.- 1111111111111111111 1111111111

7 1111111111-

tuo-782 2111

11111. 11111, 1111 1111111111111, 1111111111 1111111111111111111, 1111111 111111,
111. 11111- 111111.
111111 11111111· 1111111111. 111111 11111111 1111 1111. 1211, 131, ,1 311.
11111, 110, 112. 174, 1121, 1112 1 11811. {Jszkndznnc 111
1111. 451 1111, 11111 1111· 11111111111111111111, 1111111111 111. 11211.
11 1 111111111111111 1111111111111111 111111-1112,

ΠΙ, 1111111111 1111111111), 11111111 11111111 uzka 11· kssficss NV
11111111 ,111 111. 12. Ι
11 1111111, ,11111111111111111111111 1111111111 11 1111111111. 111. 1 411,
’.Ἰ 11111111 1111111111 111111111111 1111111111- ⁹¹¹¹· ss 111
, ,111 1111111111 1111111 Ι1111111 11111111111111111111 11111111111111111111. ,
Ι111. 111, ’1111111 Ι1111111 1111111, 111, 111* 311.
11111111111111111,11 11. 1111111111·-Ι 1-’1

782. 1111111111 111111111111, 11111111 1111111111 11111111 11 ,11111
1 ΧΙΧ 11111111 ,1“; 1111. 111111. Ι Ι Ι
1111111111 11111111 11111111 111. 1111111111 1111111111 1111111111111
1711111111 111111111111 111111111111111111 111. 1111111111. 11111111111111111111
11111111111111111. Ι 1111111111Ι 11111. 111. 1--11, 1111111111 111-11111111»,
111. 111 111. 1111111111111111111111111111111111,11111111111111111111»
1111111. 1111111·1.-111·11111111111111111111111.11111 111 11111 ,1111111111111111111 1111-
111111, 111, 11 111, - 1111 1111. (1111111111 1111111111. 1111111111,
11111111111111 111111111111111 11 1111111111 1111111111111111111111. 111
1111111111111111 111111 Ι1’ 111-111111 11, 1111111111 1111111111 1111. 111311 111,
1111 111111111111111 11111111111111111 1111111111111111. 1111111111111111111111111111111111.
11111. 1111111111. 17 Maii 11111. 111. 1.·1· 111.. 1 ,111111111111111111
11111111111111 1111111111. 11111, 111 11111111111111111 111111 11111111 111 1111
1, 1111111111 1111111. 111, 111 711, ¹ . Ι Ι ·
111 ΛιΙ 111111111111111 1111111111 11111111111111. 11111.111111111111111111-
111·11,111·.11--11, , . Ι Ι Ι
1111111111111 11111111111111, 11111111111111111111111111 111Ι 1111111Ι 111
1111111111 11 11111111 1111 11111111 1111111»Ι 11111111 11111111111111111111 1111111111
11111111 11111111 111 11111111111111111 1111111111. 1111111111-1-1-11. Ι111111-
111111111111111 111111111111111111111111111111111111111. 1111111 1111.. Ι1111
1111111 11111 111111, 1111111 11111111111111111111 1111111111 111111111111111 Ι,
, 11111111111111111111 1111111111 11111111 Ι’1111111111111111 111111 ΙΙ-ἸΙΙ,
111, 1211 Α--111111111111111111 111111111111111111111111. 111-111111 1111111111Ι
11111111111111111 11111 11111111 1111111111 111111111111111. 111111111111111 111 ,11111 Ι
11111111111 1111111111 1111111111 111 Ι11111111111111 111711111111111 111111, ·
111111111111111 1111111111 1111111111 11111111111111111 11--1111,
Ι111, 11111...1”172. 1111111 11111111 111-1111 11111111 1 1111111111. q
111111111111111 111111111111 1111111111· 111111111111111111, 1· 1111111111
11’11“.111.”111 111111111111111. 1111111 11111 1111111 1 11111111111111111111-
11111111111 1111111111. 1111. 1177 -111111, . ι ,-
7111111111111111111 11111111Ι 11111111111111111 1111111111 1111111111 111·
κ 1111111111. 1111, 111·1·--11111,

 

