⁸ 111 1111.

· 1111111111 1111111111 1772. 1111277. 11111111111111111 111111 1111111111-
111111111, 1111· 1117--21111, - 1111111 11111111111111 111 11111111111111111
11111111111111111 11· 1111111111 1771. 1111. ,11111 1117. 2111111111111111111
1111111111111111111 1 1111111111·Ι 1113174111, -- 11111111111111111111111
1111111111111111111. 111. 5112. 4 1111111111 111111111111111. 11111111 1111111
11”1“111111111111 1111111111 111 11111111111111111 1111111111 1111111111 11111111 211
3 (1111111111 1772. 111. 1111.

1111) 1111 mx. 1111111111 1111111111 1111111111111111111111111, 11111111
1111111111 1111111111 1772 11111111. 1111111111 11111111111111 11111111111111111111
1111111111111111. 11111111 111111 1111111111111111111.111. 11111.

11711111 11111111 111111111111111111 1111111111, 111111 1111 1111111
11111111111111111 1111111111111111 1772 11111111. 111. 177,

1111111111111 1111 111111111111111111 111111111111111 1111111111 111111
111111111111111111 11111111 1111111111 11 1111111111111 1111111111 1111.
1111111111 1111111111 11111111111111. 1111. 111111111111111111 1111111111·
11 1, 111111111111111 111111111111111 1111 1111111111, 1111111111 1772. 111, 177-1111.

1111 1111111111111111 1111111111111111 111 11111111 111111111111111, 1111111111
1111111111· 1111111111 1111111111111111111111 11111111. 111. 1112-1111.

11111 11111 1111 11111111111111111111111. 111. 1112- --11111

1111 1111111 11. 111 111111. 11111111111111. 11 11111111111111111 111-
, 11111111 11111111 11111111 1111111111 11111111 111111111111111 1111111111111111.
111. 2111 *21111

1121 1111111 1111111111111111111111 1111111111 111111111111111111 1111111111
z 11111111 1111111111 1111111111 1111 1111111111111 1111111111 111 1111111
. 111111111111.111.·.11”1- 21111.

11111111111111111 1111 1111111111 1111111111111111 111 1111111·111111.,Ι1111.
1 1111111111 11 ,11111 1772111, 21111--2111

1111 1111111111 1111111111 11111111111111 11 111111 1111111. 1111111
111 1111 ,11 7111111111, 1111 XX. (1111111111 11111111111111111111,
1111 17 111111 1772111. 212--2111,

111) 1111,1111111111111111 11111111 11111111111111,11111111. 1111111111.Ι
1111111111 1111111111111111 111111111111111, 1111111111 11111 1111111 1771
1111111111, 1111111111 z 1111111111 1111. 111. 2211-2211 1 2211, -
1111 1111111 1111 11111111. Ι111. 11117,

11111111111111111 1111111111 11 1111111111 1111111111111111 1111111111
1111111111 111111 11111111111111111111111111111 1111 11111111 1772, 1111221-221.

1171 1111111111 ,1111111111111111111 1111111111111111111 1111111111 111111-
11111111, 1111111111 1111 1111111111111111111 1111111111111111811111101111111111111 1111111111
1111111111111111 211 111111 1111111111. 111. 2.·111.

1111111111111111111 1111111111 1111111 1111111111 w 1111111111
11111121111111111111111· 111111 1771 111111111111111111111 11 1111111111 111111-
- 11111111 1 1111111111 11111111 1111111111 1111111 1111111111 1 1111111111
“ 1111111111111111111111 1111111111. 111, 21111--2111,

1111)(1111111111111111111111 1111111111 11 111111111111111111 1, 11111111
1111111111 111111111111·111111,11111 1111111111. 1772, 111, 2117-21111, ·-
, 1) medalu 11111110 1111111111 w 111111111111. 111. 1211. - O medalu

1111111111111111111111 11 1111111111111.111. 1211.

nvn. · 41

7111111111111111111111111 1111111111111 1111111111. 11111 11 1111111111
1111, 11 1111111 1772111. 2.·111,

71 1 11111111111111111 11111111111111.11111111111111111111111 11 1111111 1772.
111. 21111--2211, - 11111111111111111 111 ,1111111 111121 111111117721111212- -
111111 11· 11111111111111111111 1111· :m 1111111 1772, 111. 2112. - 11111111111111
1111. 1111ῑ 111111 11 1111111111 1111 1111111111 1772, 1112111. - 111111 “
1111111 111111 1772111 127. .

7211111111 1111111111 1111111111 111111, 1111111111· «lo 11111111
111, 2111 211. 1111111111.

711 ,111111111111111 11111111 1111111111 111111111111111 11 1111111111-
1·111·1111111; 1111111111 111 11111111 1111111111 1111 111111111111111111· 111111111-
111111 11· 1111111111. 11111. 11 1111111111 1111 2111111111 1772, ,111. 212 - -2111,

711 11111111 11111111111111 ,11111 1111111111. 11111. 1111111111 1111111111
w 111111111111111111 2111111111 1771111. 212 211

71111111111111 1111111 111111111111111, 1111111111 11111111 111111. cosam
111111, 11111111 1111 211111111111111111. 111. 217. - 1111 1111111 1111
1111. Ι1111111111 1111111111. 111. 2111 2111,

7111 11111111 1111111111 1111111111, 1111111111 1111111111 11111111- Ι
11111111. 1111 1111111111 ,111111111111111 1111, 1111 211 1111111 1772.
111. 217--2111, ·- 111111111111111. 11111111 1772111. 211. -- 1111
111111, 11111. 211 111111 1772. 111, 2711, 1111 111111, 1111 1111111111
11 ’1111111 ,111. 21211. - Lm 1111111111111. 1111111111111111111 krakowrzkimw,¹ ’
111111 1111111, 1111111111 1 1111111111, 111. 3132 211111, 1111 111111
111111111111111 1111111111111 11111111111111 111 111111111111111 1111 ’1111111111
1111111111111111111111 1772. 111, 21511. 1111111111111111111. 11111111 111
1-’1111111111111111111111111772111371 2111, 1111111111 111111.Ἰ
11111. 11111111· 111 1111111111 1772. 111. 11111 17111,

771111111111111111 1111 1111111111 ,111111 111111111111111 1111111111
1111111111111111111 1111 1111111111111.-1111111111. 111, 21111211.

71111111 ,11111 51111111111111111111 1111 mv. 1111111111 1111111111
1111111· 1 111111 1772111. 2111--212, -- 1111111111 1111111. 11111111 1111
11111 1111111111 11111311 1111111111 1772. 111. 11711, ’

711111111111111111 1111111111 11111111 1111111111111111 1111111111111
2 111111 1712111212. 1

11111 11111111111111111111111111 111111111111111111111111111 1111 11111111111111111.
11112172- 2111. ·- 1111 1111111. 111. 211. ἡ· 1111 1111112.. 11111. 211 1111111 1772.
,111. 271--272, - 1111 ,11111 111 3111111111. 111111111111111111111111111111-
11111111111111. 111. 272--2711,

1111 11111111111111111111. 11111111111111111111. 11111. 111111111111111111111- ’
111111 1111 ,1111111111 1772, 111. 21111 21111. 1111 11111111 81111111,
1111111111 1111111111 1111111111 11111111111111111111111111 111111111111111111-
1111111 11111111111111111 1111111111. 11111111 1111111111111111111 1111111111111, 11
111111111111111111111111 11111111. 111. 21111 21121111111111 1111111 11111- .
111111 1111 1111111111111 11111111111111111. 11111111 111· 1111111 22 1111111111 1772
11 1111111111. 111. 21111 311. -- 11111111111111 1111111111 1111111101- ⁴
1111111111111111111 111111111111111 11111 1111111111 1772. Ι111. 3111--311,
1111111111111111111111. 11111. 11111111 1111 7 1111111111 177211111111- ¹

 

