1. 2112.

166 761.

“ 6111116166 111. 1111111611, 111111 116 11161116 111111111161111772.

61111611161161 1111111111116111111616, 6161116116 166616111616
6616116166· 61611161111111611. 111111 1161111116 7 1116611111. k. 2117-- 21111.
621 1111611161 ,11111 11611166111616, 11111161111161111111116 1116

. 1111611616 1 16116 116161 1 1166111111 1611161116111616 Ι116111616116111 ¹

marsnnka. 111111 6· 11161116 11 1111166111. 1. 2611 -21111,

6111 1111611161 1111Ι 1116111616. 1611111611111161 116111611616611
11161116116111111, 11116 1161111116 111111111111111. k. &zu-zm& 11616-
11111111 16161. 11111116 111 11 6116116 2.·’1 16116116, k. 2611- 267.

611 1166161161 611 1111111616111116 1616611616 11611661 11111
1161616661. k. 2111. 111111111111111. 1. 261 261’Ι ,

66) 1111611161 6111111611111161111111 1161611111111161111611111111111616.

’ 11111211111611111. k. 262-2161.

66111116111111 1116-611616 11611161116111616. 1111, 11 1161666111
161161111111111. 1. 21111 2611.
671 1111 11661111616611 1161111 61611161611111161. 11111. 11 1116116111

’ 171111. 11. 21111. 271.

. 6111111111116111 116 11116 11111616 1111111111. 111111 11161161611161
1111616116111166111111111166116161116 1 11111111. k. 272 2711.

6111 11111611-611 ,16111161161611116111111111161111111116. 16116- “
” ’ 61111161116111111111 1161111161.. 11111166111111 11111116116111611 61116111111111111
1111111611’.-11161,111. 11111116 >ng :u 11111111. 11271 2711.

1 1161616111 11 11116116 11611 1111161111116111. k. 2711 --271
- 7111 1161666111 ,11111 1111611111161111116116, 1161. 11· 6611161161
’ 1 11111111. k. 2711 2711.

711 1116611111 r, 11166 1111. 1161111111 1116111116111 11616111
,1111116111 71111111161611121111 2111.
72) 1111116666· ,1616111 11161616111616, 1661116116 11661611616611

’ 6616661666 11616111116116, 11111. 11 6116116 11611 6111111161611116 211111,

11. 2112 2112. - 11111. 1611111· 1 11111. 1. 21111.

7.·11 1166116611 .Ι11’“, 1111616611616, 1111111116 1616111116111, ’
1111. 11111111616111111111, 116111111616 1166161111116, 1616616166111 11. 161. ³

-.111 ’
κ 2871111111 1116167661 611 1611116116 7. Ι1661116616· 116 1116116616111
. 16111111111116 11111111 pisam· 1116 211 11111. 1. 2112 -2112-1,

711) 1161166616 6661116661. 116166616111611111. 11. 261 2161.

761 1111111161 ,1111Ι 111111111161111 11161611111616, 161116111111111161111
1111111161. 1. 21111- 21111.

771 1111111161 1116111616 11111, 1116111661, 116111111111116661 11, ’

11111. 11111111 16 1116111111 111611 17611. 1. 1116-11111.

7111 1511111116 ,11116111 111111116161661 1 1161166116166111 16611116
1666 611 11661611611116 1611111616. 11. 1111. 1121.

’11111161 11111 1161111116111111111616, 6116161111 1 1661111666
1611161661611 1111111161, z 6116111 1616611616, 116 1Μ6161111111166· 111111
16116166661111. k. 322—-327‘.

1111) 1161116116 116666 w 16116 1776 11111666. k. 328-205131'.

11611116 ,111 .

'7¹7- Ἰ 2111

11111111611611 1161611111111161116611616 11 1111111616 1116611111-

, 1116111111161111611. 177311112211111111.111111 111311.

1121 1111611161 11111611611111111 616161611166111616 1661661661

·j 6· 611616 11611111116 6111116616 sig· 6111111111166 1. 17711 111 11111116

6· 111111111661611111111611111111. 6661 -3372

11111 11161616 116116 6611161111 17711. 1131111---112-111.

1111 11611116116161611161161111611 11616116111116-1111161. 1111174117.

1611 1161166616 61611116 1616611616, 11116111 sit} w Ι1166111616
611·“611111111·1”1 1771. 1. 1116-«6111Ι

111111111161161661 1161611161 11 116 161111 11611611, 6116161661
6161111616 11111111 1661166616, «1111161161 16 6161166111 16111111. 11111111.
1. 662 162.

1171 61161111116111 ,611 161 1161616666 11611 661161 116 Vienna.

, 116 111161611611111 61116 11611111611 ,61161 1111 11111661111116166111 116 11116-

11116 17711. 1. 111131---11711’.
11111 1111 116 1161116111 1111611166111 11111, 111611 1111161111. xie

.: 1111111111111111111161116611111 116111 17 1116116111 1771111 1111166616.
,27- : ¹.

1111) 116111 1611116166 1161161666 1611111616. 111 1161161616.

,ι k. 1172---Ξ1711’.

11111 116 1111111116 ,1111116166 166111. 1117111171.

111) ,1111111116 6111111111 1111111111 ’11661111 1111111. k. 11111, 111111,
1216121, 122 121, 11111 1111. g 1611 1611111111 ,1161 66111161
1111 1161111, 1161111 1161111111, 17711. 126 -·1Ξ11’.

1121 1111 ,111. 1611661111 6161161111616 1116161661111 (111111111-
1116161 1111111. 6166611161 11161661116116 11116111. k. 11112 ·-.··1112’.

11·-1) 11611616 6161111661 111161 1661166111 111111111116116 od 6111-
111116166· 1773. 11. 111111, ·

1111116111161 11116111. 1111116616 1111611116111111166111111 1 111111
17711 1166161661. k. 111. “

11111 11166 111. 111 6116116166 116 1616116. 11111111, Ι

1111111111 1161166111 116 [1111166166 ,111616 11111661, 1166611111
616111111116111611 ,111161161111161 11611611111611 1111116166. 11312- 132.

1171 11111 ,1111161111 1111 1616116111 11111616111611. 11. 11111. 6111661611.
1. 11111.

1111) 6116616111 1161116161 1161111111. 111611 61111116 sie 1111111111
,16116111 1111611 X. 1166161111 16161111, 16111611166111 111616 116611111161111,
6111111111. k. 166 1.·111, ⁸

11111 11111111611111161· 1116116166 1111111116. 1. 1111--1111,

Ι11111Ν6111111 6111611111661111116 11111 11116116. 11. 111. ’16116

v 1166616111. k. 111.

11111 Na 6616661611 116116 1661161616 66111616 61111611
1116611 1166616166· 1161166161 11616111 111167, 1161116 6116616166 1167.
11616161116111 11111161 66111 116 1111161 1161111616. 11111112.

111211166611111116111116111611111111..1111’.1,1166’1116116,11611116- , ·

1116116116 1161661116111, 111161611166166611161611611111616, 11111116
1616, 1611111611 111166 116111 17 1111116111 1777. k. 1114111.

 

