11111 1117

1111111111 1111111 1111111· 1.11.11···.κ·111-11111111 1111111 1111
· 11111111111111111 1111111111118111111111 11111111111111 111 111111111111111
1111111111 11111111 111711. 1. 112--1111,
’ 2111 Epitaphia: i'alsinini. k. 117 1111, 1111111111 1111111111.
11. 1111. -11111111 1111111111. 11. 1111- 1111.
211 1ἶ11 [1111111111 111111111111111 1111111111111111111 (1111111
1. iiii-iiii. ·-1,111Ι111·1·1. 11111111111111, 11111111. 11111. 1⁸2⁰.- -
111· [11111111111111 1111111· 111. 11 11111111111111, Ι1111111111. 11211*-
’ 111111111 1111111111111111111. k 1211--12'1, - 11111111111111111111111
1111111111 11. 111111 1111111111, 11 ,111111111111111 1111111111. 11121· 1212

2.·’11 Lis! 11,,1111111111111111111111111 111111111111111 jumi 11, ,11111
pisani. 11117. k 111-1211. Epistola vinsdmn 111 1111111111
1111111111111 111-11111111, 1111111111 1111111111. 11111. 111111111111111·
“ 1111111111.1111111111 111121, 12ἴ1ἰ-12112

2111 ,1111111 11111 11. 11111111 1111111111 111 Ι1111111111 11111-
iou-siim 1. 111111 1111111. 1111 1111111111111111111 1111111111. 1. 1211,
111111111111111111111111111111111 111111 111111. 1. 1211 1211.

27) 1111111 ,11111 11111111 1111 111111111111111111111111,1111111·
11111 111111111711111111, 1111111111 11111111111111 111. 11111111111111111111,
k. issii---issiiss -— 1111111111111· 1111111 1111111111ὶ 11111111111111111
1111111 11111111111111 111 11111. 11111111· 1111111111111111111 1111111111
9111111111 1111111111111111 1· 1111111111 1 1111111111 111117.

11. 1121 117. “
’ , 211111111111111 1111 1111111111 11111111111111 11111 1111111111
11 11 11. 111. 11111 1111111 1111111111111111111111111111·1111111111
1111111111111111 111111111111111111111111, 1111111111 18111111111-111-
1111. vx 1111111111 111111111111 1111111111 1111111 1111111, 1, 11111κ 11111,

2111 uisi p. 111111111111111, 1111111111 1111111111, 11111111
1111111111111,111 11111117111111111 111. 1. 11111 11111.

11111 1111111 1111111111-111111, 11111111 [1111111111111111111111111111,
1111· 11111 11111111 11111111, 111111 111 1111111111· 1111111. 1111111111
11111111111111111 11111111111111 1 11111. 511111111111 1111111111111111,
11111111111111111111111 1111.. 1111111 1111 11111111. 1. 1111 111. 1111111111.
1. 111. - 1111111 111111. 11111 w 1111111111 11.-’1111 1111111 1111111111·-
1111111. k. 111-1111. -

111) 11111111 11111. 1111111 11111111111111 111 11111111111111111 Win-
11111111111111111111111111 1111111111 11112, 22 1111111. 117- 1111.
1111111111 prm 111111.1111111111111111 111 1111111111. 1. 111-11111
1111111111 prm. 111111 11111111. 1. 1111 11111.-111111 11 11111111-
1111 ,1111181111111 11111111 11· ’1111111111 21 11111 111111. 11. 11111· 1111,

2121 1111 ,11111 1111111111111111111111111, 1111111111 11111111-
111111111111111111111111111111111. 1111111111 1111111111111111, 1111111111
1111111111, [111111 1111111 111111, 1111111 1111111111111 111111111111111111.
. 1111141122
ΓΜι1111ἃ11 p. 1111111111, 11111111111111111 kar.. 111 11. 8111111-

1111. ,111-11132

1111. 1111

11111 Ι*1111 1 1111111111 ,11111111 111 1111111 111117 1111 1111111.
11. 11131 ·1111·.

11111 111-1 ,11111 1111111111 11111111111111111 1111 11111111 1111111-
111111 11. Ζ 111111111111111 1 8111111111 1111111. wei-17:32

31111 1111111 1111111111 111. 1111111 1111 11. ,11111111 1*11111111111111
111111111111111 1111111111, 11111111 1111111111 1111111111 11111
11111111· 1111111111· 1111111111. 1. 1711 --1711Ι

11711111·1·1Ι1; 11111· 1111111111111 1111111111111111 11111 11 111111.
1111111111 1111111111. 1111111111 1111111111. 11111. 1111111111 1111111111-
111 1111111111ιί 1111111111 11111111 111111. 1. 1711 1711. 111111
1111111111 11 111. 1111111111111111111. 11. 1711 1711. — 111111· 1111111111
11 1111511111111111111111111111111. k. 1711 1711. -- 1111111 111111-
111111 1111 11. 1111111111 1111111111111111 1111111. 1. 1711Ι 11111,

:isi iis! 1111111 11111111111111111111 xm 1111111111 11111111
1111111111 11111111-11111 11’ 1111111111 1111111111 1111111111111111-
11111111. 1. 1112 11111. ’

’ 111111111111111111 1111111111 11 11111111. 11111111111111111· ei
Svniimifliiw. k. 11111---1111 · 1111111111 1111111111 111111(1111111111.
1. 1111 11111.

111) 1111111 ,11111 1111111111 111111111111111 111 11111111
11· 1111111111· 111111 111111111111 :i 1111111 111112. 1. iss» 11111.

111 1,.111 11111111 1111111111 11111111111111111111111. k. 1⁸8¹ 11111.

121 7111111111111111111111111111 11111111 1111111111 1111111111.
111111111111111Ι 111· 11111111. 1. 11111 11111. · 1111111111, 111 11111-
111 11111 11111 1111111111 1111111 {iii 111 111111111111111] 11111111·
11. 1111 1111.

1111 11111111 1111111 11111111111111 11’ 111111 11111111 ,1111111111
1111111111. 1. 1111. 1111111 111111 1111111111· 111111111111 1111111111.
1. 111Ι’. 1111111 11·1111“.·.11111;1111, 111111 ‹ijs-n 11111111 111111.
1. 1111’ 1112. 111-’1111111111 111111. 1. 1112 1112.

111 11111111 1111 1111111111· 111111111111111 1111111111111111111. Ι11111
1111111111, 11. 11121 1111.

1.·’11 1111111111 iiix. 'i'vziiiiiiskivun, 1111111111111111111111111111,
1111111111111111111.11111111111111. 111111111111111 111.. 1111111Ι 1111111111
,111111111111111’11111111111111Ι 11111111111111111111111111. 1. 11171 1117.

-1111 iis! 1111 11. 1111111111 11111, 1111111111 1111111111 1111111111
1 1111111111. 11121. k. 1117 2111.

’171 11111111 ,11111 111111111111 1.1·1·11·11·1’111111111, 11111111111111
1111111111, 111 1111111111 ,11111111 1111111111 11 1111111111] 111111
111111111111111111111111111111111 1111111111. 11. 21111- ’2111Ι 1111111
111111111111111111111 111111 .1.111’Ι 111111111111 111-11 1111111111 1111111111
1111 1111111 ,1111 11111 111111 11111111 1 1111111 1111111111111111, 1111111
1111111111111111111 1111111. 1. 2111.

1111 111111 ,1111 1111111111 1111111111 11 11111111 1111111111
11111 1111 11111111 1111 ,111111111-11111111.1. 2111.

1111 11111 11. 1111111111 1111111111 111111111111,111111111111 1111111
111-1111111111, 111 1111111111 1. 11111111. 1 2112.

 

