11111 . σω.

⁴ 111111111111111 1111111111 111 1111111 ’11111111 11111111 11 1111111111
1111111111 111711. 111. 11111 122,

1111 11111111 111111 1111111111111111111.111. 122-1211.

171 11111111111111 1111111 1111111111 11111111 11 ’1111111 11111111.
111. 1211-1111.

1111111111111111111 1111111111ιί 1111111111, 1111111111 11111111111111111111
1111111111 11. „W” in 1111111111 111. 11111111111 11111111111111111111111, 111. 1111 1ῖ1ῖ1.

1111 111111111111. 111111111111111 Ι1111111111111111111111 111111111111 111711.
111. 1111- 11111.

211111111111111 w 111111 1111111111 ,11111 111111111111111 wilramni·-
11111111 1111· 1111“11111111111.111. 11111 111.

211111111111. 11111111 1111111111111 11111 111111.111111111111111111 111111
1111111111 11111111111111 1111111111111111111, 11111111 111111111111 11111111 11111111.

111. 111-4111.
· 221 11111111 ,111111111111111111 111111111111111111 111111111111111111111111
1111111111. 111. 1111· 1111. ’

2111 1111111111111111 1111111111111111111. 111. 1111 -111ῑ1,

211 111111·11.1.111’..1111111 2111111111 1111111111111111. 111111111111111111
1111111111111111111, 1111111111 11111111. 11111111 111 1111111111 1111.. 1111
11111111 ,111111 111 1111 1111111 111·11·11111111,.-11. 11111 11117.

¹ ’.1111 111111111111111 11111111’1ς11.11·111.1111·1 1111111111111111111111111111.
111. 1ἵ111-11111.

2111 11111111 1111111111 1111 111. 11111111111111111111. 111111111111111111111111.
111111111111111111111111111 1111111, 111. 1111 11111,

271 111-11111111 1111111111 ,11111111 ,11111 1111111111· 1111111111111111.
111.11111-1111.-1’1111111 1111111 11111111111111 1111111111 11111111 111111111·
1111111111. 111. 1111---171

2111111111111111111 .1.111’. 1111111111111111111111. 111111111111111 1111111

- 1111111111111111. 111. 171- -172,

2111 111111111111 1111111111 1111111. 1111111111 111111111111111111 111

· 11111111111111111111 111111111,111111111111111111 11111. 1111111111. 1111111111

’ 11111111111111111111111. 111, 172 177.

11111 11111111 111 1111111111111111111111111111 1111111111111. 1111111 1111111111
1111111111111111 11111111111111111111111111111111111111111111111111· 111111 1111111111 11111111
11111111111111 1111111 1111111111 111111111111111, 1111111111 1111. 21111111 111711,
1111. 1711 «1117.

1111 11111111111111 1111111111 1111111 W. ,1,1.. 11111111111111111· 1111111111
1111111111 ,1111111111111111111111111 W. ,1. 1.. 111111 ,11111111111111111111111Ι
111111111111111111111..11111111111 11111. 111. 11111 1111. -

1121 11111111 111111 111111111111111 11111111111111111, 111111111111111111
1111111111, 1111111111 11111 1111, 11181111111111111, 1111 1111111111 111111·-
milui 1111111 1111111111·1111,111. 1111· -2111,

,2111111111 1113111111 1111111111· 111111111111111 111111111111 111111-
111111111 111111] 111 11111111 11111111111111111 11111111 111711111111111111111111.

’ 1111. 2111 «212.

1111 1111111111111111111 1111111111 1111111111 111111111111111111111.
Ι10111111111111111111 11111111111111, 11111111 1111111111 111111, 1111. 212 -2111,

‹im-om. 107

11111 11111111111111111111.1111111111 111111111111111111. 11111111111111111111
111111111111111 15111111111111111111 111 11111111· 11111111 11· 1111111111 iiie
211 1111111111 inii. 111. 2111 2211.

11111 ,11111 1111111111111111. 11111111111111111· 1111111111. 1111111111 111
1111111111 1111111 11111111. 111. 221-2112.

1171 1111111111111111. 111111111111. 111. 2112- 2111.

11111 1111111111111111 1111111111 11111 111111 1111111111111111111111111111·
1111111 1111 11111111· 111111111111111 1111111111 111 1111111 111111 11111

, 11111111111111111111111111111111111111111111111171111112111- 2711.

111111111111111 11111111 1111111 111 1111 1111111111 11111. 11111111 111711.
111. 2111 21111. ·

1111 Ι11111111 1111111111 11111 1111111111 1111111111 1111111111 1*1111-
divini> 1111 1111111111 1111111111. 111. 21131--21111,

111 111111111111111111 11 1111111111111111111111111111 111111111111 1111111111 ⁴
Ι*11111111111111111111, 111111111111111 111-11111111 1111111111, 1111 1111111111·
1111111111 1111111111111. 111111111111111111 11111111111111111111111111111111111111-
11111111. 1111111111 1111111111111 111-1111111111. 111. 21111 Ι271.
1·1111111;111111111111111. 111. 272 2711. 11111111 1111111111 1111111111. “
111. 2711 2711.

121511111111111 1111111111111111 11 1111111111111111 11111111111 1111111111111
111111, 1111111111 1111111111, 1111111111111111111111111. 1111111111711111111111111,
1111111111 81111111111111111 11 1111111111111111, 1111 111 1111111111 111711
1111· 1111111111 1111111111111111. 1111111111 81111111111111111111. 111111111.
111. 2111--2111-.

· 1111 71111111 11111 11111111111111111111111111111111111111111 11111111
1111111111 111111111111111 1 11 111111111111111·11 11111111 1111111111 11 1111111111

· 111111111111111111111111111111 1111111111111111111. 111. 2111 λ1111.

111 1111111111 1111111111 11111111111111111. 111. 11111--111111,
simmia· 151-1511 1111111.

fibi. 1111111111 11111111111111, 1111111 1111111 111111 11 11111111 xiil
inb 11· 1111111111 ,11111 11111111 11”; 111, 111111.

11 111111 ,111111111111111111 w. 1111. 1511111111111111 111111111111111111111
1111 11111,1111111111111111111 1111111111 1111111111111111111111. Ζ 1111111111
111 1111111 1111111. 111. 1. 1111111111. 11111. 11 1111111111 111 1111111.
111. 1 2.- 1111111111. 111, iiis-iii. · 1111111111.1111111111--111111,
1111111111, 111· 111111 21112. 7. 1111111111 1111 81111111111111 111117.
111, 1121)-- 11211, 1111111111, 11111. 1 1111111111. 111111221-ν1121κ* 11111.
211111111111111 111117. 1111111111 11111, 1111111111. 1111, 111111-11111. --
1111 ,11111 1111111111 1111111111111111, 1111111111111 11. 1111. 181111111111111·
11111111111111. 111. 12 -111, -- 1111 ,1111Ι 11111111111111 11111111111111111111
11111111111111111· 11111111111111111. 11117112-7111. 1111 1111111111111111111
1111111 1111111111 1111111111 111. 1111. 111 11111 11111111111111111 11 8111-
1111111111 111117. 111. 11111- -111111, 1111 ,111111Ι 111111111111111111 111111111111111
111111111111111111111181111111111111111111- 11112. 111111111111111 1111
1111111111 111111111111111 1111111111111111111111 1111111111111111 27 111111 1111111.
1111. 1111-α 11.

 

