111 ¹ 811 ,

111 11111111111111 1111. 1111. 1 1111111111 1111111. 1. 1111. -- 1111.

· 1111 Novembris 1111111. 1. 1111. -- 1111 1111111 1111111111. 11111.

11 11111111111 1111111, 1, 111-111, 11111111111111 1111111111·-
11111, 11111. 17111111 1 111111111111 1111111. 1. 111-111, - 1111 11111111,
1111111111 111 11111111 1111111. k. 117’·-1111’, ι- 11111, 1111111111111111Ι
- 111111. 1. 11111’·-11111’.-- 1111 111111. 1111111111. 1111. 111 11111111
1111111, 1. 1111 11111.-- 1111 1111111111 111111111111111, 1111. 11111111-
- 111 1111111, 11. 1111- 1111111111111111111111111. 1111. 11111111·
111 1111111, 1, 111111. -- 1111111111, 1, &ew-202. - 111 1111111. 111111-
1111111111. 11111. 211 1111111111 1111111, 1. 1111-1111. - - 11111.111111111111
21111111111111. 1. Ι1111κ11111’,-- 111 111111 111 11111111. 1111. 111Ν1111111-
11111· 1111111, 1, 171».— 11111, - 1111 1111111 1111111111111, 11111. 111 111111-
1111111111111111, 111, — 111 1111111111 1111111111·111·111111

. 111111111111111111111·11111111111111111, 11111, 1111 1111111. 1, 117. 1111

1111111111 51111111111111111. 11111, 11 111111 1111111. 1. 1111. - 1111
1111111111 1111111111, 11111. 11 111111 1111111, 1. 1111’- 1211-1111,
1111111111. 1211--122-1, war-424. 121 127, - 11111, z 1111111111·
211 111111, 1. 1211--1211, -- 11111. 2111111111. 1, 1112-1311. -- 1111.
’1 1111111111. 1, 1111. -- 1111, 11 1111111111, 1, 111112- 11111111111111111
11111111111111111, 1, 11111--1111, 1112. - 11111. [1111111111. 1, 11111-11111’.-
11111. 11 1111111111, 1. 1112 1111- 1111 11111, 1, 1711-177. -
17111111 111 1111111111111 1111111, 1, 2112* 2111- 1111. 2111111111111111,

, 1. 21111- 21172- 1111, 27111111111111. k. 21·1’-2111,»- 11111, 111111111-
1111 111111. 1. 227---22712274211 -- 1111 1111111111111 111111- s

1111111 11111 1111111111 11111111 11 1111111111 1111111111111118111111111-
Ι1111. 1111, 12111111 1111111. k. 1211-»121 - 1111 11111111111111
11111111111 11111111111111111111111111111.1111211 111111 1111111. 1. 11111.

1111111111 1111111111. 11111, 27 111111 1111111. 1. 11111--12111, -- 1111

· 1111111111 11111.. [111111111111111 ,1111111 1111. 211 111111 1111111,

1,13111.-- 1111 ,1111111111 1111111111 1111111111. 1. 1111, -111 ,111-
111 1111111111 W. λ’. 1.. 1111111111 1111111111 11111111111111.
’ 1, 1111-1111’.--Ῠ 1111 11111, 1, 1111, ·-· 11111, 7 1111111111111 1111111.
1, 1112. ·- 1111111111. 1. 2117 21111’; 21111 -21111; 221--221’, --
¹ 1111111111111111111111.1,2112--2.·12’.-- 1)(1111111111111111111·
1111111 1811111111111. 1111. 2 1111111111 1111111, 1, 1111--1111, —- 1111
1111111111 1111111111 [11111111 11111111111111. 11111. 11 1111111111
11111111, 11111. -11111.1111111111111111111111111.1,1711’.· 111111111-
11·11111 11111111111111111 18111111’11111111111111 1111. 11 111-
11111 1111111. 1, 1111. - 111 1111111111 1111111111 W. X. 1,.
11 111111111111111111, 1111. 11 Augusti 1111111. 1, 111’--·112. 1111
1111111111 1111111111111111. 1.1·12’-1111.-- Do 1111111111
11111111111. 11111. 1 111111111111111 11 11111111111111 1111111, 1. 111112--
Do 1111111111 [1111111111 111111111111111111111111111111111, 1111.
1111111111, 1. 111-1112. -- 1111 1111111111111111111 11111111·-
11111111. k. 11111. -- 111 111111111111110 111111111111111 1111.

, k. 111112-11112111111111111111111 11111111. 11111. - Do 1111111111-

111111 111111111111. 1111 218111111111111 1111111. 1 111-411115·-

87⁴} ' ‚ 21111

- 1111111111111111111111111111.1. 1111141111. -111111111111

1111111111111, 1. 11111 ·- 111112- 11111111111111 11111111111111· · .
1111111111 [1111111111. 11111. 12111111111111 1111111, k. 1111’,· - 111 ,1811111- ·

11111111. 1111 11 (11111111Ι 1111111. 1. 1111-1111’,- 111 1111111111
1111111111. 1111. 1111111111111 1111111, 1. 1117, - 1111111111111
1111111111, 1111, 111 1111111. 1. 1117’-11111. - 111 1111111111
1111111111 11111111111111 711111111111111, 11111, 2-1 1111111111 1111111,
1, 171·— 111·κ 111 11111 1111111111 11111111 11111 1111111 1111111111111111.

ι 1. 1111-1111’, 1111 111111111111111, 1111111111111111 1111111111·

111111. 1, 11111. - 11111111111111111 1111111111111. 1. 11111, -
111 principem 11111111. 1, 11111-11111, - 1111 1111111111
111. 11111111 11111111111111. 11111. 111 1111111111, 1. 111-11111. -
111 1111111111 W. ,1.11. 1. 21121211Ι ·- 1111 1111111111
11111111111111111, 1111. 211 11111111111111 111111. k 21111, 1111
1111111111 1111111111111. 1. 21111 21111. —- 1111 [1111111111-
111·11 111, 1111111. 1. 2111. - 111 1111111111 1111111111111
[1111111111 1111111111111. 1111. 211 1111111111. 1. 2111-2111. - 111 ⁴

1111111111 111111111111111111111121111111111. 1111111221. - ,

1111 1111111111 11, 1111. 11111. 111111111111111111, 1. 211111.- '
111111111111. 111111111111111Ι 22:32 «- 1111 11111111111111111111111-
11111 1111111111 111111111111111111111111111. 11111111111111111111111111111,
1111111111, 11111111, 1111111111 11111111111 11111111. 1. 2211-221- Do
111111. 21111111111111. 11117 1111111111 111111, 1. 21111-2311. -

111 111111111111. 1111. 111 1111111. 1. 21111. - 1111 1111111111 111111- ,

111111 1111111111 7111111111. 1. mah-2332 - 1111 generalem
111111111111111. 1. 2111. - 111 111111111111111. 1. 217-217’.

11111111111111111, 1111111 11111111111111111111111 1111111111. 1111. ·

11111111 1111111. 1. 111 ’112 · 111111111111111 1111111111 111111111111
111111111111111 11111111111111111 1111 111 1111111 1111111111111111, 1111.
11111111 1111111, 1. 11’- 11 - Ν11111111111111 1111111111111111 1111111·
111111. k. 111-111, · Na 1111111111 111111111111111 1111111111,
1. 111-117. - 111 1111111111 1111111111111111 1111111111. 1111

7 27111111 1111111, 1. 112--111- 11111111111111 11111111111111111111

1111111111111111111111111111111111. 1111. 11 1111111111 1111111, k. 111-111.-
Ν1 1111111111 1111111111 111 1 11111111 11111 111, 1111111111111111
1 1111111111· W. X. 1,.11111111111 111 1111111111 1111111111. 11111. 211111·
111111 1111111. 1. 1111--111, - 1111111111 11111111 111111111111111111 11111111
111111111111111111111111111111, 1. 1211 -1211, - 1111111111 1115
1111111 11111111. 1, 1211. -· Ν1111111111111 ,111111111111111111111111111·
1111111111· 1111111111111111 1 1111111111. 1111, 111 Augusti 1111111.
1. 111-1111. - l‘oslom 11111111 1111111111 1111111111 1111111111
1111, 1111111111. 1. 11ι1-11ἵ1.-- 1111111111 ,111-11111 1111111111111 11 111·
1111111111, 1111, 111 1111111111 1111111. 11111-1111. - 11111111 11111·
1111111111 11111111 11 1111111111. 1111. 111 1111111111 1111111.
1. 111-1’-1111“1’.- Nat 11111111111111111111111111 11111111111111111 11111. ,
12111111111111 1111111, 1. mvn-1842 -‹ Ν1 11111111111111111111111111111
11111111111111. nat 111 111111 1111111. k. 2111-2111.

 

