111 11111,

111.1117--11111.-« 11111 1111 1111111111 1110111111Ι 110 11111 111111 11111111·-
nah 1111111111. 111. 1111141111. · Ι
1111 11111111111111111111111 1111111111111 1111111111111111111111111111, 1111111111
11111111·11111.111,11111 11111. ι . ἱ
’ 11711111111111 ,1111111111111111111111 11111111111111 11111111111111111,
unum-HR Ι ι .
11111 Somno familiaris 1111111111111, 111111111111111. Ι111. 111111ψῖ117.
1171 111111111111 1111). 111111111111111111111111111111111111 1 1111111111111111
-11111111111111111111, 111111111111111 1111 11111111 1111111111111111111111111, 1111
11111111. 111111ιὶ111 111111111111111111111111111111111 1111111111111111111 1111111111,
1111111 1·811111111η111111· 11 11111111 111117. 111. 1122--1121,
’ - 111111111111111111111111111·11111111.11111111]Ἠ1111111111 1111 ,1111111111
· 111111111111111111111111111111, 1111111111111 11111111. 11111111. .111111111111111.1111111,111Ι.
sir. 5211-5252 Ι Ι
11111111111111111ι 1111111 1111111 11111111 1111111111 ,11111111 11111111·
¹nmmfflwmfflkfflwfflnjfflmwmmmssmfflffiffim
’1111111111 11111111111111111111111 1111 1111111111 11111111111111 1111111111
111· 1111111 ,111 11111111. Ι111, 111111- -1111, ¹
11111111 ,11111 1111111111 111111111111111111111111 1111111111Ι 1111111111-
1111111111 1111 ,11111 11111111111111111111111111111 11111111111111111 1111111111111111111.
1111111.11111111111111111111111. Ι Ι
111) 1111111111 11111111111111111111’1111111·1.11·1111·1 1111111111111111111111111111
1ωήωψπωη1ωωψψῳ1ηωψ11Μ11ῢ
11311111111111111·11,,. 1111111111 11111111111111 1111111111111111111111111111 1111
hmwmwwafflmmmqmwmfflmmmmdquQQMm
1111· 111 11111111 111117. 111. 11111-111111. 1111111111 1111111 11 1111111111
ΜΝΜ1ἎἫἯΜ11Μ1Ψ1ΜΜ11Μ1ᾢ1 .
· 1111111111111111 111111111111111111 1111111111 1111111111111 11111111
11111111111111 11111 ,11111 111111111111111 ,1111111 1111111111 1111111111 1111111111
ν 111211.. 11111 1111· 12111111 111117 1111 1111111111 11111111111111111111111.
111. 111111 11111. Ι Ι
11171 11111111111111111· 1111Ιί11111 1111111111111111 11111 11· 11111 11111-
hiem 111111111-111111111111111111 1 1111, 1111111· 1111111111111111 1111111111 111111·-
1111113111, 11111 111111.
ΜΗΜ1Ν1ΜΜΜΜ1Μψψῳ1ΝΜώΜῼΜΜΜ
do 1111111111] ,1111111 111111111111111111 111 111111111111 111111111111111 11111
1111111111 111111111111111111 111111111111111111111. ,11111773 11711, Ι
117) (1111111111 1111111111111111111 1111111111 111111111111111111 11111111 11111
117111111111111111111111 111, 1111111111. , .
11111111111111 11111 1111 1111111111 1111 1111111111 111111. 1111111111111111
11111 ,1111111111 11111111111111 Ι111111111111111, 1111111 1111111111 1111· 11111111, 111111-
’ mma, 11· 1111111111 1111 11111111 1111111111 munima, 1111111111 1111111111
11111111111111111111 1 1111111111 1111 11111111 1111111111111111111111, 111. 111111- 111111.
·’ 11111Τ11111111111 1111111111 1111111111111· 1111111111 111111111111 1111111111
1111111 11111111111111111111 111111111111 1111 1111111 1111111111 11111111 11111-
cmfflmfflnmmemfflwmmmme
muoz pnoeiwko 111111.111111111111·111111 1111111111110111 11 1111111111

om. 111

Ι11111111,1111111111111 1 11111111 1111111111 11111, 11111111111111111111111111111-
1111111111111. 111 1111 ν, ,1111111111111111 111111111111111111111 1111111111 [orem
1111111111 1111111111111. Ι111. 171111- -11111,

111111 Ι1111111111, 1111111111 1111111111, 11111111 11111111 ,111Ι 11111111 '
11111111 1111111 X. 1111111111 11111111. 1111111111111111 11111111 111111111111111111.
1111111111, 111. 11111-1122. 1111111 11111111.

11111 ’11·11111111111 1111111. 111. 11211 -11117,

, 1112111111111111111111111111111111111 1111 11111111111111· 1111 111111 11111111
111111111111111111 11111111111111, 111111 111111 1111111 111111 111 11111111 eligendus. .
1111. 1117-11111.

11111 1111111111 1111 1111111111 1111·Ι 1111111111111111 11·.11111, 1511111. 11111111-
111111111111111, ,1111 111111 1171.

111111111111111111111 11111111111111111 1111111111· Ι111111, ,1111111111 1111111Ι
11111111 1111111111ιὲ 1111111, 111111 1111111111111111 11111111111111 ,1111111 11111311-
1111111111 1111111111111111111 1111111111 1111111. Ι111. 1171-111111,

1111111 ,11111111 111111111111111111111 (1111111111111111111111 11111111·

¹ 1111111 111117, ’

’1111111111 ,11111 ,11111 1111111111 1Ι·“1’1’111“1’1’1111111111111111 1111111.
11111 ,11111 111111111111111 111111111111 111· 1111111 1111111111 1 111111 111117.
,1111111111 11111· 1111111, 11111111 1111111111 111 111111111111111111 11. 11111. 1 11111111·
111111111111111. 11111, 11· 1111111111111· 12 1111111111 111117. 111. 11111 11111.
111111111111111111. 111111 11· 111·1111111·11·7 11111111111111. 111117. ,11111111 11111. -
1111(1111111111111111111111 1111111111111111 11111111111111 1111111. 111111,11111111111111111
11111111111111 1111· '22' 111111111111 1111111, 111. 11113 11111, 1111111111111111. 11111.
,11111111111111111111· 11 111111111111 1111111. 111111111- 11111. - 11111111111111-
111111 1111111111. 111111 11 1111111111 111111111111111111 111, Ι111. 11121--11111,
1111111111111111111111111111, 111. 7111 7117, 1111111111-11111111111111111-
1111 1111111 1111111111 1111111111111 11111111111111 ,1111111 11 11111111111111 11111
7111111111111111 111117, 1111, ,11117---1111 1111111111111 111111 1111 ,1111111111
111111111111111111· 11111111 111111111111,11111111111111111111 1111111111111111111 11111111
1111111111111111 11, 11111. 11· 1111111111111· ,1 11111111 111111, ,11111121 11111- -
1111111111 111111 1111 Ι1111111111 111111111111111111. 111111 11 ’1111111111 11111-
111111111111 11 11111111 1111111, 111. 11111 11117.

111111 11111111 1111111111 1111111111111111 1111 111111111111111 111111111-
111111111. 11111. 1111111111 1111 111111. ,1111111111 7111.

11171 1111111111ι 1111111111111111 1111111111 1111 1111111111111 1111111111
111111111111111 111111111111 111111111111111111111· 1 111111 11111111 11111111 111117.
111. wia-7¹2. ’

111111 1111 1111*Ι 1111111111 111111111111111111 1111 1111. 1111111111
1111111111111111111 11111111111111111, 7, 1811111111111111 1111· 11 111111 111117.
111. 711--7111,

111111 111-11 1111. 1111111111111. 1111111111111 kun: 1111 1111111111.
111. 7111-721. - 1111 11111111 111111111111111111111·.11. 1111111111111111 1111111·
111111111111111 z 1111111111111. 111. 11111 11111.

11111 1111 ,11111 1111111111111· 1111111111111111.11111111111111 w. 1111. 1,.
1111111111111111 8111111111 11111111. 1111111111 1111111111111111111111111111111111 ”
1111111111 17 111111 111117. 1111, 721-713, ·

111

 

