«Μ “ ram.

² 11111111111111111111111111). 1112111 2111. -1111111111111111111111
[1111111111 11 1111111111 1771. Ι111. 21111 --27171 - 111 111111111111.
111111111111· 111111111111111111 111111111111111 11 1111111111 1111111.
111. 2111---21111

17) 11111111 111111 1111111111). 111. 1111, ·· 111111 1111111111
1111111111 11 111111111111111 11111111. 1111. w 1111111 1111 111 11111111-
liris 17711. 111. 11111. -· 111111 111111111111111111111111111111 11111
11111111 1111 111 [1111111111 17711. 111. 11111. 21111 ,1111 71111111-
1111111, 1111111111 11111111111111,1111111111111111 1111111111. 111. 111111.

111)11111111111;.1111’. 111111111111111111, 1111111111111. 1111111 11
1111111111111111111111 111111 V Ι 11111 11111111 1. 11111 111 1111111111 17711,
· 111. 1111--117, 111.11111111111111,11111111111111111111, 111111
1111111111111111111 211 1111111111 17711. 111. 117 -1111,

111) Ν11111 1111111111 11 1111111111 1111111111. Ι111. 1111 11111.

. 211) 1111111111 1111111111, 1111111. 111· 1111111 w 1111111111111111
2111111111 1771111111. 1111111111 1. 11111111111111111 1 1111111111
11 1111111 111111 1111111111111111111 111111111111111111111111111
1 1111111 1111111111111. 1.·111 1111.

21) 1111111111 1111111 11111111 111111,,1111111111111111111 1111111111
1111111111... 11111111ἰ11111111111 1111111111 1111 11111 111111 11111111
1111111111 111. wia 1111 11111· 11 (11111111..1111., 12117 111111
1111111111, 111, 1111, 112, 1111111111 1111111111 11111111 (1111111111
ducissa 1111111111 11111111111111111111111111111111.1111111 111 Ι11111111 1111111
anno Domini 121111 .. 111111 1111111 apostolorum 21111 11 111111
1111111111. 111. 112 -- 1111.

- 22)1Ξ1111)111.1111111111 111111111111111111111111, 1111111111 11111·
1111111,11111111111111111. 1111111111. Ι111. 111 1111. “

23) 1111 111111111111111111 1111111 1111111111 1111111111111
· 11111111 1111121 111111 1771. 111. 1111 --1111

21) 1111111111 1111111111 111111111111111 w 1111111111, 11111111111111
1770111 111111Ιί11111 11111111 11 111111111111111111 1111111111 xiv
1111111111 111. 112-1111.

211) 111111111111 11 1111111111. 111. 1111--1117,

· 1211)1111 11111. 1111111111 1111111111111111 111 Χ. 11111111.
111. 117.

27) 1111111111 1111111111 11111111111111. 1111. w 11111111 11111
111111111111111111 1111111111 17711, 111. iiiii 1711, · 1111111111 11111111-
·1111111. [1111111111. 1771111111 22 1111111111. 111. 1711 --171.

211) 1111111111 111 1111111111 temporibus anni, 11111111, 1111,
1111111. 1111111111 11 1111111 11111111111111, 1111111111111111111111
1111111111. 111..171-1112.

211) 11111111 11111111111111 ,11111111111111111111111, 1111111111111-
1111111,11111111111111111111111111111, 1111111111 111111111111 11111-
111111111 1111111111. 1111111 11111111111111 1111111111111 1111111111111.

„ab 11 1111111 dio 211 11111111 1770, 11111113. —-· 71112. 1111
w ’,1111111111 (111 211 Decembris 17711. 111. 2111--2111, - 7111111111
, miminiano 1111111111 ow. w 1111111111 (11171111111117711

ma . σῃ

111. ,112 2111. 1111111111· 1 1111111111111 111111111111111. 11111.
w 1111111 ,1111 1111111111) 1111 111 1111111111 1771, 111. ism-213⁸.
1111111 1111111111). 11111. w 1111111 1111 1111111111 diiii 21 111111-
111111 1771. 111. 2117. 111111111111111111111111111111111111 11 111111 1771. ·
111. 11111. ·- 1111111. 1111111111. 1111· 11 iiiiii 1771 1111111111111.,111-1112.

ΝΒ 3111) (1111111111 1111111111111111111 z 1. 17711 «1771. 11111111, ’

. ,.111.

Ι 111)111111111·1111 111 11111111 1111111111. 11111111 111 w 11111111
1111211 1111111111 17711. 1111. 1117--11111, -— 1111111111 11111111 11111111
1111. 1111111111 11111111. 11111111 1111111-’1111111111 111 11111 11111
11111111111111) 111111 211111111111111111 17711. 111. 1111- -2111, 111
1111111111 1111111111 1111111111. 11111. w 1111111 11111111111111 1111
1111111111 1771. 111. 111-1111. -- 111 111111 w 1111111111. 1111.
w 1111111 11111 1111111111111 1111111111 1771. 111. :iifl-:ww

Ι 312) 1111 11111111111111 1111111 1111111111 1111 11111111111111111·
11111111 1111211 Novembris w Sili-zu 1111111111111111111. 201-2112

1111)11111111111 111Ι 1111111111 8111111111111111 1111111111, ,
1111111111 11111111 111111111111111111, 1111111111 111111111111111 1111-
11111111111 11111.11111111111111111111 17711. 111. 2111. - 11111111 111
111 11 1111 1111.111·.111-1111. ’

1 31)Ι 1111 ww, 1111111111 11111111 111111.,1111211111111111111111 ’
1111111111 111111111111. sir. 2111-2117.

35) 1111111111 ww. 111111111111111111111111, 1111111111111111·

1111111111 11111111111111, 111111111111111 111 1111111111 11111111111111 · ’

[111111111111111111 1111 111111111111 w [1111111111 1111111111 1111111111
1111111111, 111111111111111 111111111111111 1 1111111111· [11111111 1111111111
11117 1111111111 1771 1111111, 111. 21111 -· 2117.

,2111) ’111111 1111111111 1111111111111111111111 11111 [111111111111
111111 111 11111111... 11111111 primis 1111111 11111111 A. 11. 1771
w 11111111111111111. 111. 21111α-221.

371111111111 11111111111111 1111111 111111111111111111. 11111-
111111 111111111111111111, 1111111111 1111111111111111111111, 111111-
1111113)1 11211211711111111), 1111111111 w. 1111.. 1111111111 1771.
11. 2· -“ .

311)1,11111111111111 111111111111111111 11111111 1111111111111111 do
1111111111111. 111. 227-21131, -1111 1111111111 11111111111111 1. 17711.

111. 2112-2111. ·- 111 ,11111 71111111111111 111 1111. 7 1111111111117711. ,

111. 2111-21111. -« 111 ,11111 7111111, 111111111111111111111111111, 111111
11111111 1771. 111. 21111-2117,

1111)11111111111111 1111111111, 1111 111 11111111 1111111111 propo ¹

11111111 1111111111 111 1111111111111-1111111111. 11111111111111111111 111111
111111111111111 17711. 111. 21111--211, - (loniinwwiio [11111111111111.
11111111 22 1111111111 17711111. 212-213.

111) 1111111117. od podsiwpienia 11111111 111111111111111110 pod .
,1111111111 111111111111111 1. 1771 11111 1 1111111111 11. do 1111111111
11111111 111111 111 111111 1111111111 1 1111 111. 2111··2ῐ13. -

 

