102 1141-11411.

111111111111111 11111 11111111 8111111111 11111111 111111111111· 111
1111111111 ,1111111111 8111111111-11 111111111111 111111111111111111 111111·

’ ,1111111 11. 21111111.

1111 1111111111.111111111111111111111111111 11111111 .1111’1’. 1111111111111111
1111111111,111111 111711, k. ’2111 w.

52» 1111111111 111111111111111 11111111111111. 11111111 111 1111
3111111111111111 11· 11111 1111111 1111111111 11111111111111111 1111·
· 1111111111 11111111111111111111111111111111111111 111111 11111111 111111,

. 11. 1111- 2111.

11111 ,11111111111111 11, 2111111111 1111111111111111 1 ,11111111
11111111111111111. 1111111111 11. 11111.. 1111111111 111111111111111.
anaim-kima, 1111111111. 1111111111,1111111111 11117111111111111 111111.
· 11211411,

· 7111 11111111 1111111111 111111 1111111111Ι 111111111111111 1111-
1111111111 w 1111111111. 1111111111111111 1111111. 1. 2111 2111.

“ 11111111111111111111111111111 1 1111111111 1111111111· 1 W. ,1.
111, 1111111111 11111,11111111111111111111111111 ,111111 11111111 111111
’ ,11111111111111111 111 Ι1111111111 1111111, k. 213¹-215. ¹
11111 1111 111 1111111 1111111111 111 111 1111111 1111 1111111111

· - 111111, 111111111111111111, 11111111111111111. 11111, 11· 11111111 2111111·

111 1111111. 1. 2111 2111.
1171111111 11. 31111111111111 1111111111111111. 11111 2111,

’“ 11111 1111111111,11111111111111111 1111111111, 1111111111111111111111.

11111 2111. 1111111111. 11. 2111· 22⁰¹.
11111 1111 11. 1111111111 1 1111111111 111111. k. :zm-³222.
, ⁴ 11111 1111 ,11111 11111111111111111111 11111111,11111111111111111111
111 1111111. 11221 ³223, 1111111111. 1111.11111111111111111111111·
·1111111·11111.11.2’.)21 221.
11111 11111111111111 1111111111· 111111111111 11· 1111111111 8111111.
12111 1112111111 1111111, ’
111111111111111111111111111 11111· 1111 1111111111111111 1 11111111
1111111111111. k. 2211- 21111,

m. 11111111 1111111111 pisam· 11111 1111111 11· ,1111
1 ,11111 1111111 111 1, 11111 1 z 1111111111 15 111111
1111111111, 1111111111111111111,

11 1111 1111111 1111111111 11111 11112. 111111 1 1111111111.

k. 1· 211. .

⁶2) 1111111111. ,11111 1111111111 (1111111111. 1111111111 1111211

-11111111111111 1111111 11111111 111111111111, 1111111111111111 111111..

1111111181111111111, ,111118111111111111111, 1111111111 111111111111111.

11111111 1111111. 1111111111111 1111 11 11111 111117. k. fflv-zm'.
111111111111111111111111. 11111 1111171111 111 11111 k. 1111,

111111111111 1111111111. 1111111111, 1111111111111111111 axio·

1111111111 11111111111 1111. 11111 V 2 1111111 111711. 11111 11.·
1111411111 Ιϋ1111111111 111 1111111111111111 1111111111111 111111 1111111.

0⁴³. ’ “ 111 ¹

111 11111111 1111111111 1111111 1111111111111111 1111111111 1111111111
1111111111111. k. tuh-m.

111 111111111111111 11111111111111111111111111111111, 1111111111 .

1111111111111. ,111111 1111111111 1111111111111111111. 111 1111111111 511111

1111111111111111111. 11111111111111 1111.. 111111 1111·Ι 1111111111111111, 1 ·

1111111111 1111111111111111, 11111 1111111111111 111111. w 1111111111
1· ,1111111111Ι 1111111111 111111111111111 ,1.11, 1111111 1111 11 1111111111
11 1111111111 11 111 1111111111. 11111111111111 11111111111111111 1111111111111111
1111111111. 11. 1111 1111.
71 ,1111111111 11111111111·111111·1111111111111111. k. ‹mm-72¹.
1111111111111111111111. 1111111111 humma-kunnu 1 111111111111111·

1111111111 111 11111111 111111111111 1111111111 1111111111111 11111111111111 ,

11· 1111111111 11111111111111 1111111111 111111 ,1111111111 1111111111111111,
1111111111111111.. 22111111111111 111111. 1. 721--71, η 111111111111111,
11111, 1111111111 1111111111·1111111111111111111111111111111 1110 1 1111111· ’
1111111111. 171- 71. 1111111111111111111111111111111111111111111111 ·
11 111111111·11’.11111 111111 11111 11111111111111 1111111. 1. 711 ---“1“1’1’. -
11111111111111 11111, 11 {vj 11111111 1111, ,1111111111 1 1111111111· 111111
11· 1111111111. 1. 711, -- 1111. 11111 1111111111 111 1111 1111. 11111-
1111111111 111111, 1, 77. -- 11111111111111,11111111111111111111 1111111
11· 11111111 1’,1’1111111·111111 111111 mx. 111111111111111111111. 11111111
11111111111111 Ι11111111111111·1 111111111111111111111111111111. 11 111111111111

. 111111. 1. 77. - 1111111111. 111 1111111 111 11111111111111111Ι 1111111111 111-

1111111] 1111 1111111111 111112. k. 111Ι 11112·

111 11111 11. 1111111111, 1111111111111111 111.. 111 11111. 11111-
111111111 111111111111111111 11111151111111 1111111111 11111111 111111111-
11111 111111, 1. 711 -711’* ,1111111111 111111. 1111111 111111 11111111111111
111 ,1111111 1111111. 1. 77’ 711. —— 1111111 1111111111111111111111111 11111
11711111 111 ,11111111 1111111. 11. 711 --711

11111111 111 1111111 1111111111 1111). ,11111 11711111111111111,
1111111111111111 111.. 1111111111 111111 1117111 1111111111 111, 11. 711, -
111 1111111 ,1.1111. 1. 711’-1111. 1111111·1’11111·1·]’ 1111111111. 11.1111-1111’.-
111 111111 11111111111111111, k. 1111. - 1111111111111111111111111. 11.1111’-111.-
1111 1111111111 1111111111111111111,1.111--111“. -111111 111111. 1111111111- ’
1111 1111111111 1111111111· 2111111111 1111111, 1. 111.”1’- 1117. - 1111111
111111. 111 111111111111111111111· 111 1111111111· 1111111111 1111· 2 111111 111111.

’ 1. 1111- 1111. .

11111111111111· 1111111111 11111111 11111 1111111· 111111111111111 ,

’ 1111111111111, 1111211 111. -1111111111111111111111111111111111111111111

111 11111111111111 11. 1111111111 1111111111111 111 11111111. ,1111111111
111111111111111, 1111111111111 111111111111111111. 1111 21151111111111111711
1111111. k. 112-112·Ι 1111111111111 1111 1111111111111111. 11. 1122 - 1111111-
1111 11111 11111 11111111. 1111111111 1111111111 111111111111 1712 1111
111181111111111111, k. 1111-1111. ·

12) 1111111111. k. 1111-112, tow-um.

111) 11111111 1111111111 1111111111) 111 1111111111111111111111111111111.
p. 1111111111 1111111111. k. 1121· 1111. “

 

