111 ⁰⁶¹·

,111 111111111111111111 1111111111 1111111111, 111. 277-2511. 4

,1111111 1111111111 11111111111111111111 11211.. 111111111111111.
11111111111111. 1111. 17 Nos-vmbris 1111111. 111. 2111-2111. Ι Ι

11111 '’m-jacio! 111111111111111 1111111111 ’111 111111111111111·1·11 111111
1111111. 111111111111111111111111111 1111111111111111· 1111111111 w 1111-
171111. 111. ’.111-2111. ι ἱ Ι Ι ‚

ε’171 Lis« 1111ῐ111111111111 11111111111111111111 1111111111111111111-
1111111111111 11111111 111111 1111111111. 11111. w 1111111111 111 11111111-
bris 1111111, 111. 2111-21121. Ι .

11111 11111111111111111 1111111111111 11111111111111111111. ι111. ,1211

1711111111111111 111 1111111111111.1111’1’. 111-11111· 1111111111 1111111111-
111111111111111111 11111111111111 111111111111111111 11111 1111 111 1111111·

ι

mi,- 1.. 5111111· 111 ,11111111 111 11111111111111 111111111111111111.

,11111111111-111111111111111.,11111111 ,11111111111111111Ι 111111111111111 111111-
.1111’. 1111111111

’mum' Wssjf'wl'flllm lffiffl'ffl 111111“1.““1111“1.’11 1111 111.. 'i mm
'h‘ 1 ι

w, 1111, 15111. 111111111111111111] 1 1111111111 1111211 ,1111111111
1111114111. ¹ ι 1
1111 11.·’1 mv. 8111111 1111 11111 1111111111· 1111111111111111
11111111 1111111111111111111111111. 11131111-11111. 1111111111 111 11111111
111111. 1111111111. 111,ἰ1111-ἲ11.·1.- 1111111111 111 1111111111 111-1111111111
111115111111. 1111111111111111111111111111, 111 1111111111 111111111111111111111
1111). 1111111111 111111111111111111..111·, 211ῑ1-- 2117. . Ι ι
11111 11111111 111111 11111111 1111 1111111111 111111111111111111 11111111
110111111111111. ι111. afflasti,
1111111111111111 1111111111 1111111111111111111 . Ι 1
111 11111111111 1111111111111111 1111 1111111111111111 11111111111111
11111111111111112 ξ111ἰ1, . Ι
11111111 1111111111 11111111111111111 1111 mv. 11.. 11111111111111
1111111111·11111111.111. 111-171. ¹ ι γ’
11111111111111111111 1111 11111111 11111111111 1111111, 1111111111
1111111111.1111111111 [111-111111 1111111111 111111111111111 1111111111
111111111111111111. 111,ῑ171”1-ὶ177.- 1111111 111111 1111111111 111-11 1111111111
1111111111 111111111111111. 11111111111111111111 1111.. 1111 ,1111111 1111111111
1111 1111111111 111117 1111111111. 111. 11211« 11111. --·1,1111’ 111111 1111 1111111111
111. 111-11111 1151111111111 111117. 111. 11111- 11111. -- 111111111111111.
1111. 1111-11121, · 1111 1111111111, 1111111. 1111. 11117-111111, ¹ Ι Ι
11111 111111 1111111111 11111111 11111111111111 11111111111111111111
’11111111111111 111. 11711 11111. 1111111111111111111111 1111111111 1111111.

‘ ,11111111 111111 ,11111 1111111111. 1111111111111 w W. ,1. 11., 11111111111111

1111111, 111, 11111 1 11111- 11111. ¹ ⁶
11111 11111111. 111111111111111111111111 111111111111111111 111

11111111 1111111111. 111. 11111. Ι Ι
11111 11111111. 1111111111 1111111111111 1 1111111111 1111111111]

m 1111111111. 111. 111111 -11111,

7111 ,1111111111 11111. 11111111 1111111111 11111111 1111 .1111”. 1111111111
1111111111111111111111111,11111 1111111111111111111. 111. 111111 11111.

711 1111 Ι1111111111 111111111111111111111 1111111111 1111 22 111111- ’ “

1111. 1111. 11121 1117,
111. 1117 11111.

72¹ 111111 1111111 11111111 111111111111111 ,111 ,1111 11111111. 11.
111111 1111111111111 11111111111111 111117. 111. 1111 111. 1111111111
1111111111,1111111111 111111 111-1 1111111111. 11111 1.·111,

711 1111111111· 111 ,1111111111 kun-*ynam 11111· Ι11111·1 1111111111
111111111111111 kur. 111111111111 1111 11.·’1 1111111111 1111111111111111111111. 111
1111111111. 111 1111111111. 1111111111 11111111·111·111·1’11 1111111111111111111 1 1111-
1111111111111· 111111111111 111111111111111 11111 1111111111111111ι 111111- “
11111- 1111111111111111 11111111 1111111111111111 11111111111111 1111111111111.
111111111511111111111 ’.111 1111111111 111117. 111. 111 121.

711 11111 .1,111’Ι 1111111111111-1111111111 1111111 1111111111 111
1111. 1111111111 11. 11111, 1111111111 1111111111111. 11111, 111-1111111111 111117.
111. 121 1211. 1111111111, Ι-·11·. 1211 1.·111. 1111Χ(·111«1.111·.1111··11·-
111111 1111111111, 111. 112121- 111111,
111. 1111 1111, 1111111111 1111111111 11.-111 111111. 1111 1111111111
1111111111.11111.’.1115111111111.11111111 11111. « ’ ’

7111 1111111111 1111111111 1111111111 111 1111 1111111111 111-1111111111
1111111111111, 111, 111-111.

7111111111111 ’11 1111111311 1111111111 111117. 111. 111· 1111. -

1111111111 1111111111111111 11111111111111111111.

7111111111111·“1111·1111·11Ι11117.111·.111 1171 711111111121111111111117.
11117111 7⁶27.- 7.11111111111111,1111111111117.111·.1”1111 11211--
11111111111193111111 111117. 111. 7221--7211 - 7111111111 1111111111 111117.
,111727 7211.

771 111111111111111· 11 1111111111 11111111 111 1111111111 11111111· Ι
111111 1111111111 1111111111 ,1111111111 1111 111111111111111 111111111111·Ι
111. 11111 11111. -

71417.11’11·1·1·11111111 1111 11111111 1111111111 1111111111 111111111111·
11111 111111 1111111111111111, 111. 1Ῑ1Ξ1 1.·111.

71111111 111111111111111111111111 111111111111111 11112111111111·
1111 111117. 111. 11111 *11111

1111 1111 11111111111111111111111111 11111111111111111,11111 1111111111 .

1111111111 1111111111. 1111111111 111·1111,1111111ν11111 1111111111 11 11111111
1111111111111, 11111 1111111111111111111..1111177 11111.
11111111111111111 111 11111 111111111111111. 1111111111111111, 1111111111, .

-11111111, 1111111111111111 1111111111 11111111111111111111111 1111 11 ,11111111 ¹ ·

11 1111111· 11 1111111111· 111111111111111 11111111111111111111 1111111...
11111111 1111111111111111111111111 11111111 111111111111111111. 1111111111
w. 11111. 111. 11111-υ 171.

1121 7111111111 1111 111111 1111111 ,1111111111 11111111111111.
111. 1711 ’· 11111,

11111 11111 111 1111111111 1111111111 Ι1111111111111ε 111111111111111111-
11111. 1111. 11111-1117. - 1111 ,111111 1111111111 11111111111111111, ,

1111111111111.1111111111 · · 11

 

,1111111111 111111 111111111111111111, ’

