118 A ⁰⁶2·

’ 652. 111111111111111111111,11111111· 1111111 111111 1 11111111 XVI!
1 11 1111111111 λ’1’111 11111111 4¹: 11. 282.
, 11111111111111 1111111 1111111 11111111111111111111111.

11 11111 mv. 1111111111 11. 11111. [8111111111 111111111111111111)
111111111111 1111111111 1111111111111111111111] 111, 1111 17 1111111 1111111.
, 111-12 1111111111. 111. 1111 mv. 1111111111 mallan-skipa..
1111111111111111111111111). 1. 1111 117. 1111111 111111. 1111111111111
1111111 111 ,1111111 1111111111 111-1111111111 11111111111 11111111 111111.
1111111. 11. 171 »17‘21 ›

2) 1111 1111111111 ,11111 ,1111111111 111111111111111111111111111.11.·.”.
1111111111, 11111111111111111111 111 1111111 1111111, 11. 2 2¹.

1111111 1111111111111111 1111111111 1 111111111111111 11111111111111
1111111111. 11111. 111111111111 1111111111 1111111, k. 2¹⁵· .·1, 1111111111.
1111. 1· 1111111111 1111111111 1111111. 1. 11 .·1’.

1) 1111 1111111111 a 1111111111. 1111 1. .‚ ’1111111 κ 111111
. 171111111111111111111. 11. 27 211. ’1111111111111111111111111.
11111.. 1111111. 11. 111 1111. 1 1111111 1 111111 211 111111111111 1111111.
,1.ἰ17’-.’111, - ’11111111111111 2¹5» 1111111111Ι 1111111, k. ,111-111.

11))11111111111111 11111111111111111111111111111111111. 111 11,
111- 111, 111-1111, 111. 111-1111, 1111 1111. 11111- 11111, 1211· --121.
11111-1111, 11111-1111, 1111 11111, 17112-1111. 11111-1117.

- . 111-1111114111.111-1111111 «111,

111 11111111 1111). Stefana 11111111111111111. 1111111111111111111111111.
1111111111 11111· 1111111111. 1111 111111111111111 111111111111111111111111-
111111111111111111 1111111, k. 11 -7, - 11111111 1111111. 1111111111111111111
11111· 1111111111111 111 1111111111111 Ι1111111 111111111111111 1111111
1111111111111111111, 17 1. -1111111 111111 11111 1111111111111111

..11111 1111111111111111. 11111111111111111 11111111.. 1111 111 111111 111117. ²

k. 111-411Ι - 11111111111111111 111111711111111111111111111111. 11111111 111
- 1131111111111111111 211111111111111 11111111. lemn-13⁴3.
71 1111111111 1111 1111111111 1111111111 1111111111111111 1 1111 11111111111111111
111117111111111111111111 1111111111. k. 7-111,
“ ,11)1111111111111 11111111 11111111 1111111111( 111111111111111 111111·-
111111. . 11’--1“.’Ι
11) 1111111111 1111111111 111111111111111111111. 11. 13-11.

1111 11111111, 111 111111 11111111 1111111111111. 111111 1111111111. ,

k- Η111111ῑ ,11111 8111111111 11111111111111, 1111111111 11. W. 111,
1)(1111111711111 1111111111, 1111. 11 1111111111 111 1111111111 1111111,
ι’ Μη,12)2·11111111111 1111111111111111 [211 Λ1111111111 -· 2 (1111111111.

1111111111. 11111 1111111111 1111111111111111 1111111. 1111111111 1111
11111 111, 111111111111111 w 111111 1111111111 11111111111111 1111211111
1111111111 1111111. 11. 211» 211.

11.) 1111111111 1111111111 11111111111111111111111111111111111111111111
11111111 11 1111111111 dio 111811111111111 1111111. 11. 1112111.

⁰⁵2· 111

111) 1111111 111111. 1111111111. 1111111111 11111111111111111, 111111

111111111111111111 111111111111111111111 111111111111111 111111111111111111111111.
· 1111 1111 11111111 1111111111 111 1111111111 11111111 1 11111

11111111 1111111. 11. :w- 1111.

171 1111 1111111111 11111111111111111111111111 1111 ,11111 11111111111111
11111111111111111 1111111111121 111111111111, 111-172 ,

111)111111111111111111 111-1111111111 1111111111. k. 111-12.

1111 1111 1111111111 11111111111111111111 11111111111111122 1111111·
11111 111117. 111-1111. 1111111111. k. 111-- 111.

11111 111111111111111111111111111 1111111111111 1111 111 11111111 111117
11 ,11111 11111 1111111111. k. 111-112.

21) 11111111 1111111111111 1111 111 11111111 111117 11111111. 1111111111
11111111111111 11 1111111111. 1.11----11·.

1121 1111111111,1111111111111111 w 111111111111 11111 111 1111111111 111117. ’ ’

k· Η21)-11111111111111. 1111111111,1111111111 1111111111, 11· 3111111111

· 1111111111 1111111111 1111111111111111 1111111111 11 11111111 111117 w kole.

111111--111, - 1111111 111111 1111 13 1111111 11111111111111111111 111

. 1111111111111111.1111111111111 1111 1111111111. 1. 111- 111.

1111 111111111111 1111 111111. 11111111 1111111111 11111 11111 111111
1111111111111. 111111111111111 ,11 Ι1111111111. k. 11114111.

2111 8111111111, 1111111111 1111111111. 11111111 11111111 1111 1111111111
,11111111 1111111 X. 1111111111.11111111. 111111111111111 11111111 11111111111111111,
1111111111. k. 111-1111.

2111111111111111 1111111, 11. 1111 111.

’ 1171 ’1111111111 111111 1111111111. 1. 1111- -71,

211111111111111, 11111111 11111111 ’11111111 1111 11111111 111117 [111
2111111111111. k. 71- 1111, 111-111. - 1111111111 1111111111 1111111111 “
111111 211 1111111111 111117 11111 111 1111111111 1. k. 111- 1111. “

2111 ,11111111111111111111111111111111111, 11111111111111111111.. (1111111111
111 11111111 1111111111 11111111111111111. 11111111111111ι 1 11111111111111 1111 ,
111 1111111 111117. 11. 1111. - 11111111111111111. 1111111 111 1111111111. 111·Ι

11111 11111111 ,11111 ,1111111111 11111111111111111 11111111111111111 1111 11111111-’
1111111 111111111111111111 1111111111 11111111 1111 Ι11111111, 1. 111-1111.

1111111111111111 11011111 1111 11111111111111 1111 1111111111 111111 1111111·
1111111111111111111111 1111111111111.1111111 11111111, 111111 1111111111 1111111111,
111111111111,11 1111111111 1111111111 1111111111 1111111111 11111111111111111111
1111111111111111111 11 11111111 1111 11111111 111111111111111111. 11, 111-1111.

112) 11111 mx. 1111111111 1111111111111111 1811111. 11111111111111]; 1111·
,1111 ,11111 1111111111 11111111 1 11111 1111111 111111111111.

11. 1111-1111-111111111, 11. 111-1111. 111111111111.11111118111111· ⁸ '

1111111111111 1111 1 11111111 1111111. k. 1111.
1111) 11111111111111111111 1111111111111111111111111111. 11. 1112-11111.
1111111111111111111111 1111111111 1111111111, 1111111 8111111111 1111
11111111111111111 11111111 11111111 1111111111, 1111111111, 111117, 11 1111111.
k. 1111-1111. - 1111111111 111111 111111111111111. k. 1111. -111111

 

