5⁴ 11111.

¹ ' ’ 11111111111111 111 1111111 1111111111 11111111 1111 1111111111 111-1111-

111111111 1111111111, 1111111111 11 11111111111111 1111111111111111,1111111111111111
11111111111111111111111 111111 11111.11·-’111111111111111 1111. 1111. 1111.

.·1”11 1111111111 Ι1111·Ι 1111111111111 11111111111111 1111111 1111111111111-
’11111111 111111 11 11111111 111111 111111111111111111 211 1111111111 1771.
Ι1111·.1111---1111, 1

31111 11111111 z 11111 1111111111 ,111Ι 111111 1 1111111111 1111111111
111111111111111111111, 1111111111 111111111111111, 11111111111111111 11111111-
11111111. 111. 1111. .„ 1111111111111111111111111111111111 κ 1111111 1111
1111111111 1111111111. Ι111. 1111- 1211.

Α 1711111111 11· 1111111111. 111111111111111 111111111111111 1111111111
· 1111111111 11· 1111111111· 1111111111,1111111111 Ι·’1·1’1111·111111·1 111. 5111111111
111 1111121111111111111 1772. 111. 111 117. -· 11111111111111111 1111-
111111· 111111. 111. 127. -- 1111111 111111 11111111111111 11 Ι1111111111·
11171111111111111111111111 1111111111. 1111. 111 11111111, 111.- 127-1211,

, 11111 1111111111 1111111111, 11111 1111111111. 11111 1111111111111 11111
11111111. 1111. 1211 1111.

Δ1111,1111111111111111111 111, 1111111 11111111111111,111111111111111111 1111
11111111111 11111111. 1111111 1111111 1111111 Ι 1111111111 1111 1111111111 11111111111111
1111 1111111111· 1111111111 11111111 1772. 111. 1.·11---1111Ι 1111111111 111111.
111111 11111111111111111111 1111111111 11111111111111111 111111111111111111111111
11111111111111’11.-·111.1“. 1111111111, Ι111. 11111 1111, -- 11111111 111111
11111111. 111.1111.- 1111111111111111111111111111111111 111-11111111 1111111111]
11 1111111772. 11111111 z 1111111111111 111111 1111111111111111111111111111111.
111. 1111421111. - = ,11111111 ,11111 1111111 1111111111 1111111111111111.
1111111111 1111111 1111111111111111151111111. 11111111111111111111 1111111111-

,11111·.-’111 11111111111111111111 11111111 11 1111111111 1772. 111. 11111-2111.

1111 1111111 1111111111.-Ι 11111111111111 1111111111’111111111111111111 1.·1111.
’ 1111111111111111111111111111111. 11111 11111,

-111 11 11111111· 11111117.. 111. 1311111111.

w) Epitaphia 111. 111111111111111, 11111111111111· 1111111111 1111111111
1111. 11111 11111, 1111 211.

12111111 111111111111111111111111 111111 111111111 111111111111111111111. 111
1111111111111 1111111111 11 111111 sunum-nsi 11111111. 11111. 1111111111· 111.
1111111ιί1111. 1111. 1111111111 1111111111 1111111111 1111111111, 11111111111111-
111111111111121 111111 1771111. 11111--11111

11111111111111111111111111111111111111 111-111111 1111111111 κ 1111111111
2211 1111111111 17711111. 1.·111.

111111111111111111, 1111111111 11111111. 1111111111. Ι111. 1111 1111.

1111 11111111111111111111111 1 1111111111111111 111111111111111111111
1111111111 11111111111111111111 1. 171111111111111111111111111111111111 1. 171111.
111. 111-11111.

171Ι 1111111111, mx. ,1111111111 11111111111111 11111111111111 1111111111,
1111111111 11111111111111 ,11111 ,11111111 1111111111111111111111, 1111111111ιί111
1111111111111111111111· 1111111111 1111111111 111111111111111111 11· 1111111 ,1. 111111-
111111 1 1111111111 ,1111111 1111 111111 1111111111 1111111111111111111.
· 111111111111 1111111111. 111111 1771. 111. 11111 1111.

71711. 55 .

1111 11111111 111· 111111 Ι*111111111111111111 11111111 111 11111111111111-
Ι,1111111 5,.1. 1 1111111111 1111111111 ’11111111111111 1111111111 11 111.
1111111· 111111111κί11 1111111111 S. 1., 11111111111· 1111111111111 111-1111111111. 1772.
111. 2111 212. .

1111 1111111111, 111111111111111111· 1111111 Ι«111111. 1111111111 1111 1111111111-
11111Ι 11111111111111111111 1111111111 1111 1111111111111111111111111111111111111111111111
S. ,1.1111 111111 1111111. ’11111 11110. 1111. 23111111111-2111111111.

11111 11111111 1111111111111111 11111. 1111111111 11111111·.-111111, 1111111111
11111111111111111111111)1111111111, 1 1111111111111111111 1111111111111111,
1111 1111111111· ,1112111111 111111 111111111111111 11111111111111 1110111111,
111111111111111111· 1111111111111. 1111111 11111111. 11· 1111111111· 1111111111
1111,111111111111111 1111111111 17 1111111111 171111112111- 11111.

1111 1111111111 11111111111111111 »1111111111111111111 11111111111111111 1111111
1111111. 111. ’.1111111111 2:2⁸ 11111.

1121 11111111111111111111 1111111111 1111 1111111111 1111111111111 111·
111111... 1111 11111111 11111 111111111111111111111 111117, 111. 111111111111111111,
111111111111111111 11111111.1111· 17 1111111111 1772. 111. 111-2111.

7111 1111111 11· 111111111 11111111111111Ι 111 1111111111111111 1111111
1111111111111111, 1111111111111111 11111111111111111. 1111111· 1111111111111 1111111111
1111111111 1111111111111111 111111 111 11111111111111772.111. 2111.

111111111111111 1. 1111111111· 111 provincia 1111111111· 1111111111
11111111111111111111 11111111 1772111111111111111. eia-219.

ῖ1ἵ11 1111111111ιὶ1. 1111111111111111 11111111 11. 1111111111 1111111111
κ 11111111 11111111111111 1111 1111111111 1111 11· 1111111111111.. 111111 7 511-
1111111 17721. 11112111.

7111) 1111111 11 11111111 1111. ’111111 1111111111111. 11111111111111
,11111111111111111111 111111 11’ 1111111111 111111 2 1111111111 1772.
,1112111 21111, ’

171 1111111111111 1111111111 111-11 1111111111111111.1111’..11111111111111-
11111111111 8111111111111 111-11111111 17711 11111111111.11112111111111-211 111111
1 111111111111111.

7111) 11111111111111 1111111111,111111111111111111111 1111111111111111 11111111
1111111111111111 1111111111 11 1111111111) 11111111 ,1111111111 17711.
111. 223! 2111. · .

1111) ,1111111 111111 11111· 111111. 1111111111111 1111 111111111111111 111,1
11· 11111111111111111111 1111111 111111 1111111111111111 1111 111111111111111. 'rm-²&
111111. Ι111. 2111111111 2111111111, 1111111111. 1111111111 1111
1111111. 11111111· 1111 11111111 1111111111 911 11111111 17711. ’11111 111111.
111. 111121 11111-- 21111 1 11111.

11111 11111111 11111111111111111111111111111111 1111 1111111111111111111111111-
1111111 111111111111. 1111. 1111111111 111-1111111111 17711. 111. 2112.

111 1 (1111111111 1111111111 1111111111 1111111111 1111 ,111111 111. ,11111 Ι11111
11111111. 1111111111 1111111111111111, 1 111111111111111111111111. ,1111111
11111111111111111. 111111111111111111111111111111 17711. 111. 111121-21111. -
Nnukn 11111111 1111111111 1111111111111111 11111111 51111111111111, 111111111111111
11111111111111111111, 11· 1111111111, 11111111 1111111111 11111111, 1111111111

 

