11114.

21) 1111 ,111111111111111 1111111111 1111 ,111111111111111 171. -·-
1111111111111 ,1111111111111 111111111111111111111111111111, 1111 11111·
11111. 171-172,

2111 11111111 111111 1111111111 11 11 11111111. 1111111 Ι1111111111.
1. 172, 11111 111111 111 11111111 1111111111111111 11 ’11111111111111
11111. 11111111111111111. 1. 23111 2111,

2111 1111111111 1111111111111111 1111111111111 1111111111111111. 11111
’111111111111 1111111111 1111 11 1111111111· 1711111, 1711- 171. —-
11111111 1111111111111 111111111111111, 11111111 111 w 111111111111111

ffihfflafflffiklfflwffll
’ 271 111-1111111 S. 11, 111· 1111111111 1111, 11111 1111111111 1111-
11111111111111111 1111111111111111 1111111 1111 1111111111111111111111111111·
1111111111111111111111·1111111111Ι 111111111111111. 1111. 111111111- 111
’1111111111 1111 171111111111 17111, 1. 1711- 1711, -ι 1111111111111111111-
111 1111111111 ’111 1111111111 1111111111111111111111111111. 11111111111111111
21 11111111 17111. k. 111-1111. - ,111 11111111.1111111111111
11171111111111111111111111 17111. 1. 111-1111. - 1111111111111111.

’ 11111. 11 1111111· 111 ’1111111111 211511111111111117111. 1.1711-1711’.

’.1111 111111111111111111111111.1 1111 1111111111 1111111 111111111111111
111111111111111, 1111, 11 ’1111111111 1 ,1111111 171111. 1. 177-177.

2111 11111111 11111111 111111111111111 ,1111111 1111111111 1· 1111111111
' 1111111111111111. 1. lut-17⁸1 11111 1111111.
,1111 1111111111 1111111111 11111. k. m-wo'. 2137—-2¹3⁸'.

272-2721. 271-271, 11111. 1112. ¹ , -

’ ἰ111 111-1 1111111111 111 11111 11 1111111111 17111 1111111111.
k. 1112.

1121 1111111 111 111111, 1111111111 1111111111 1111111111111111111111111
11 Novembris 111111 111111111111111111 1111111111 1 1111111111111111111.

. k. 111-1111.

11311 Ι111111111111 1111111111 111111 1 111111111111111 1111111111
1111111111 1111 11 11111 17111, 1. 11111 - 11111, ⁴
311 11111 111 1111111111 111111111111111 111 1111111111111. 1111

v ' 1111111111111111111111 1711. 11. 1117 11111,
1111 11111 11111111111111 111 111111 1111111. 1. 1111 1111. 11111·

· ’ um 1111.
’. Ι 43111111111111111 111 11. 11111 1111111111 11111111 ’1111111111
non. 1111111111 1111111111 1111111111 1111111111. 1111. 111 1111111 111
71111111111111111111111 17111. 1. 11111- 11111,
1171 1111111111111111111111111111 w 111 1111111 1111111111 11111111

, ’ , 1111111111111111111111. 111111.

11111111 111111, 11111111111111111, 111111. 1. 2111--21111, ·

111111111111111111 11111111 1111111111. 1. 2117» 2211. ’.1111- 21111.

«111111111111. ,1111111111 1111111111 1111 1111111. 11111111111111111-
111111111112111111111 1111. 211 1111 17111. 1. 2211 - 2211.

11111111 1111). 111111111111111 11.111,; 111 JMP. 1111111111
. 1111111111, 11111111 w. 1111. 112211-22111. - 11111111.11111111111
1111111111. 1. ‘mmm

⁰⁵4· 117

¹ 121 1111 11111· 1111 11111111 1 1111111. 1. 21111’·-2111’.·, “

1111 11111 1111111. 1111111111 11111111, 1111111111 1111111111
1 1111111111 11111.·1111 .Ι1111’, 1111111111· 1111111111, 1111111111 1. 111,

’ 1111111111 11 11111. k. 2111’»-2.·12.

111 1111111111 1111111111. 11111 1111111111 111 1111111111
1111 111 111111 17117. 11111. 1· 1111111111· 211 1111111111 17117.
112112-2111, , “ ·

111 111111111111111 111-1111111111 11111111 11 11111111, prm.
1111111111111 11111111 1111111111. k. 21111-2111.

1111 11111 ,111111 1111111111 w. 1111, 111111111111111111111111111111
1111111111 1111 Ι1111111 1111111111111111111111. 1111111111 111121 1111111 17117.
11. 111-21111. -· 11ο 11111. 1111111111 11111111111111. 7. 1111111111
211 1111111111 171111, 1. 2111 2112. -- 111 111111. 1111111111Ι 1111111
111111 11111111 211 1111111111 171111. 11.111-111;1.- 1111 111111. 7. Pmylyka
21 1111111111 171111,1.21111’-21’11’.

. 171 111111 111111. 1111111111 11111111111111111. 11.1;11·1ἠ1111.-
11111 1111. 1111111111 1111. 1211114117.

1111 11111111 1 111111111111111111111111, k. 21112117. ,

- 11111111111111111111 11121 11111111111111111 11111111. 1. 21111.

111111111111111111 11111111 1111111111 11111111111111 111-1111111111,
1111111111 111111 1111111111111111, 1111111111 11111111111111111 1111111
1111111111 11111111111111111111111 11 1111111111 111111. 111111111111111 17112
1111111111111. 1. 2.·111-21111, ·- 111111 11111111111111111111111. 111111-
1111111 11111111111111 11111111. 11111111111111 w 1111111 1731).
11. 11111-411111.

1111 11111111111 1111111111 1111111111 1111111110 1 1111111111·
111.1,ἛΝῗ-Ἆ11

1121 1111111111 11111111 1111111 1111111111. 17111. 1. 2111.

11311 1111111111Ι 1111111111111111111111111111111111111111 1111 11111--
11111111111 1111111111 1111111111111111111.112111. ’ ,

1111 11111111 1111111. 1111111111 111. 1111111111. 11. 211.

11111 11111111 1111111111111111 in 1111111111111111111 111111. 1. 211’.

111 11111111111111 11111111 111111 111111111 1111111111 1111111 111111- 1
11111. 11.112’.-1;11111111111111 11111111 1111111111 1111111 Augusta
111111111111. k. 212--21-11.

1171 1111111111 Ι111. 111111 1111111111. 1111111111. 1. ‘zm-224.

11111 1111111 1111111111111 111. 111111 1111111111.. 1. 21111-21111.

11111’1111111111111111 11111111 1111111111 11111111 reductionis
1111111111 1111 11111 1111 111111111111111. 1. 21111-21111.

11111 1111111111111111. k. 2711.

1111 11111111 11111111. k. 271.

11211111111111111111 1111111111 1111111111, 1111111111111111. suh
11 11111 11111111 1111111111 1111111111 17111. k. 271-2111.

111111111111111111111, 11111118111111111 111 11111111111111111 11111.
1111111111 1111111111)111111111111 111111111111111111. 1. 2111421111. -

1111 1111111111 11111111111111. 1111111 1111111111 11111110-
11111 11 [11111111111111111111111111111111. 1. 2117. ’

 

