11711
1

111111111111111 1111111111, 1111111111 11 1111111111 11 1111111111
. 11111111111111111111111111111111. 11111. 111 111111111121111111111, 111. 117- ·
Tui 1111 1111111111. Ι111. 27 --911--111111 1111111111 111111 1111111 1111111-
1111111111111111. 11111. 111111111111111 2 1111111111 1771. 111, 17.

211 1111111111111111111κ 111111 111111111111111111 11 11111111111117711.
1111. 1111.

221 111111111111111 ,1111111111 1111111111 8111111111111 1111111111.
, 1111111111 11111111 111111111111 511111111111111 17711, 1111111---119Ι --
111111111 11· 1111111111. 1111111111111111. 1111. 1111111111 119111111111111 17711.

’ 1111. 17 111.

111-8111111111 1111111111 11111111111111 11 1111111111 111. 1111·
11111 111111111111111111. 111111 11 1111111111111 211 1111111111111111 17711.
· 111. 212-321, -- 1111111111 1111 1111111· 1111111· ,11111111 wc'njowodziw'm·
kijowskivh. 1111. 2111· 111.

211 111-,1111111111 ’11111111 1111111111 1111111111111111111111 1111 111. ,1111111
,11111.11111111111111111111. 1111111111111111 1111111111111111.1111111 1111.

-2111 11111111 111 1111111111. 111. 1111111111 11111111.

2111111111 1111 11111111 111111· 111111... 1111· 111. 111... 1771.

’ 1111. 111-111.

271 1111111 11111111 111 1111111111111 1111111111 1111111111111111111-
11111111. 11111.11151111111111111111... 1111 11 1111111111 1771. 111. 12- -111, -
11111. 111111 1111111111 1771 1111111111, 1111. 1.·1. -- 11111. 1111111111 71111111-

, 11111 1771. 111. 111 11 »- 1111.1111111111.111. 11. - 11111. ’11111111-
j 1·1,1·11112 1111111111 1771. Ι111. Ἰ11-ω111.
’3111 111-1111111111 1111111111 Ι1111111111, 1111111111, 11111111111111 1111111111
1111111111 ’11111111111111111 111. 11111111 -11-111111,
2111 1’11111·111111,111. 111 1 1111--1112,
11111111111111111111111111111111111111. 1111111111111111 1111111111, 111
’1111111 10111111 11111111 1111111 11111111111111, 111 11111111 11101111111111
1111111111 ordinum 11 1111111111 existentium. 11111. 1111111111· 17711
’11 1111111111. 111. 111-111.
1111 1111111 1111111111· 1111111111 1111111111ἱί 11111111, 1111111111
(1111111111. 11111. 1111111111 11 1111111111 1771. Ι111. 111-1111.
1121 11111 mx. 111 111-1111. 1111111111. 1111111111 w 1111111111
111111117111111111. 1111 1111111111 11111111. 111. 171 112.
’ 1111) 111111 111, ,1111 Ι9111111111 11111111111111111111, 1111111111111
111111111111111111. 111 Ι11111111 1111111 21 8111111111 1771 11111111. 111. 111 1111.
1111 1111111 11111111111111111111,11111,11111111 1111111111111111111111,11111111·-
1111111111111111111. 1111171. 7.·1, 111-1111. 1211, 111. 171, 204-- 2117.
217) 1111111111 11111111111111 1111111111Ι 1111111111 11111111111111
11111211 1111111111111 17711. sir. 1”111--1“111.
11111 ’111111111111111111111 nd 1111111111 11111111111111111111-1111111111

1111111111 1111 1111111111] 11111111111111111 1111111111. 11111. 111111111111111
’11 1111111771. Ι111. 1111411. - 11111111 1111111. 1111111111 11111
1111111111 1111111111 111111 1 1111111111 11111111. 111, 1111--1111,
· 11111111. 11111111 1111111 111 11111111111 17711 1111111 111111111111111111 1111111·
1111111111· 1111111111 11111. 111. 111κ- 1111.

111. 11

1171 11111111 111. ,111111111111111111, 1111111111 1111111111111 11111-
111111111111, 11111111 11111111111111111 1111111111111 111 111111 111111111111111. >
1111· 1101111111) 11111111. Ι111. 111-1111. - ’111111111111111 7 11111111 1771.
111111..

.. 1111171111111111 111111111111111 1111 11111111 11111111111111 11 1111111- «
11111... 111. 111, ,

11111 111-1 11111111 1111111111111111111 1“111Ι11111111111 111 11111111111111-
111111 MV. 11111. w 1111111111111111 11 1111111111111 17731. 11111111-111,
1111111111. 111111 11 11111111. 111111 2 1111111111 17711. 111-,111-417.

11111111 1111111111111 11111· 1111111111111 1111111111111111 1111111111.
Ι«1111117.

- ’111 11111 ,1111111111 1111111111 111111111111111111 111111111111181111111111.
1111 1111111111 11111111111111122 11111111 1771. 111. 1111. -· 1111 (11111111

,11111111 111111 111111111111111 1111111 117 ,11111111 1771. Ι11111111--711, --

1111111111 11111111111111111411 111111 1111111111 1111 1111111111 111111111111111
111 1111111111. 11111 1111111111111111111 17711. 111. ¹3⁰2-- 21111,

121111111111111111. 111111111111111, 111111111111111, 111, 1111 117.

1.·11 111111 1111111111 11’111·.κ·11111.-11111111,111. 117 1111, ’

1111111 JMl'. 1111111111111111111 1111 11111111111111 111111111111111111.
Ι111, 1111, 1111111111, 111. 1111,

1171 1111111111111 1111’1·1·1111..,1111’· 1.·111111111111 1771 11811111111111
1111111111. Ι111, 711, ·

- 1111 11111111 1111111111Ι 1111111111 nvos-gii 11111111111111. s. 1111111.
1111111111,111111111111111 1111111111·51111111111111 111· 1111111111 1111111111·
111111 1111111111. 1111. 11111111· 11 ,111-1111 1771. 111. 711 7Ι. -111111111
111111111111111 Ι11111111111111111111 11 1111111 1111111111 1111111111 1111111111111111.
111. 71 72- -111111111 111111111111111111111111 111111111111111111 S. 1111111111
1111111111·111111111111111 11 111111111111111111 111 actis 111111 musis-[urii 111111111
1111111 1111111111 1111111111. 111, 72,

171 111111111111111111 1111111111 Ν11111111111111 11111111, s. 1111111.
11111·1111·1.1.’1111111111111 11111111111111 11111111111111 1111111111, 111 1111111111
11 5111111111 11111111, 11111111 111-11111 1111111111. 11111. 111 1111111111
1111111111 1111 111111111- 1771. 1111. 72 711.

1111111 11111111111111111 11111111 111111111·1111’111·Ι 1111111111111111 -

’11111111 1771. Ι«11. 711 „ 77.

»1111 11111 1111..1111.·111111111111111111111.111111111111111111 1111111111111.
11111111 1111111111111111, 1111111111 11, W. ,1. 1... 111111111ς 7. 111111111- ·
1111111111 11111111111111 11111111111111. 11111. 1. 1111111111 12 11111111 11122.
111. 111-417.

11111111111111111 111111111111111 w 1111111111· 111111111111111 111111111.
1111. 117 1111,

111)111111·11 1111. 1111111111. 111-11111111 1111111111 1 1171111111»,
111111 11 1111111111 11111111 11111111111111 11111111. 111. 111-112.

17210111111111111 ,1111111 11111111111111111111 111111111111111 1111111111
1111 1111111111 1111111111] 1111111 111111 mx. 1111111111 w. 11111, ι
1,1111111111111-,1111111111111111 7 1711111111 1771. 111. 112, 111. -- ’111111111-
1111111 11111111 1111 ,11111 511111111111111 1111111111 1111 111117. 1111111

 

