1111 111111.

. 111111111111, biskuwn 111111111111111111111111111 7111111111ιῖ) 1111 .
,11111 1111111111111 11111111111111111 1111111111 1111111111), 1111111111 11111111- ,

⁴ 1111Ι 111 1111.111111111·11 11 1111111111 111117. 1111--11,

111 111111 1111 N. 11111 1111111111 1111111111111111111 1 1111111111111111
11111 11111111111111111); 1111 ,1.11111111111 1111111111 [5111111111 11111111-
111111111, 1. 12- 12. 111111111111. 12’-121’. „. 1111 .1;111’Ι 1111111111111
11111111111111111111 1111111111111111). 1111. 211 ,111111111111111 111111 ,1111111111
111111. 1. 11 11’. - 11111111.14111111111111111, k. 111, -- 1111 ,11111
111111111111111. 1. 111* 111, 11111 1111 1111111 Χ. 1111111111 11111111111-1111111
’1111111111111111111 11111111111111111111 1 Ν111111111111 111117, 1. 1.·-1” 11.

1211111111111 11111·1111,111.-’11111111·11 1111 1111111. 1. 111· 111.

1. 111

11) 1111111111 1111111 1111111111. 1. ’-111’·- 1-7.

1111111111 1111 1111111111 1111. 1111 ,11111111 11111111111111 11111111 1111111 ,

11· 1111111111111. 17-ἴ111.

11111111111111· 1111111 111 Ι11111111 1111 11111 1111111111) 111111 .1.111’.’

111111111111111111, ,1111111111111111111111111111, 1111111111111111111111111111, 1111111,

11111 ῖ12’.-1111111111111“.,11111111111111111111111111111.1.1”12’ ι’1ΐ1’. ’
’ 111 1111111 111111· 11111111111111, «111111. 11111111.) 1. 11111-11111.

17) Lis! 1111 1111111111 111111111ιί1 111111111111111111111111 111111111111111

1111 11111 1111111111111 111111111111111, 1111111111 W. N. 1., 1811111111 ,

1111111111711) 1 1111 ,111111 ,111111111111111111 W. Χ. 1,. Ι11111111111118111111111).
11111. w 111111111111 217 Aprilis 1111111. 1.1“111’ 717. ·— 11111 111111 111111·
1111111 11111111111111 111 11111111 Ι1111111111 11 1111111111 17111. 11.1111’--1111,’.

1111 11111111111111 11111111 11111111111111111 qnasi {nondun 1111111111·
1111111111111111111111111111· 111111111111 111 11111111111111 11111111 111Ι 11111111

111111111111111. 1111111 11111 1111111111 11111111111111. 111111111111111111111111111 j

1111 111111111ιί1 5111111111 1111111111111111111, 1111111111 1111111111111111111.

’ ’ ι’ [11111111111111 1111111 1111111 1111111111 11111111 111110111111111111111 ·

11 1111111111, 1.1“11-11.·1,

2111 1111111111 1111111111 1ῑ1 Augusti 1111111 111111 1111111111111111 ’

1111111111. 11. 111 1111,

211)Ι.111 1111111111 1111111111).1111111111 1111111111111111 11111111.
111111111111111111111 Ι1111111111111111111111111. 1111. 11111111111111 22 8111111111·
,11111 1. atr-70⁵.

22) {Ast 1111 11111111 1111111111 1111111111111111111111) 1111 ,11111
11111111111 11111111111111111, 11. 71 -1712

23) 1111111111 11111111111111 11 ,11111111 ,11111118111111111111111, 1111111 ,
111 1111111111111111 w 1111111 11171 11 111111 1111111111, 11111111111111 ¹

1 [1111111111 1111111. 1. 711-111.
21) nist 1111111111 11111111 1111111111111111 1111 11ο 11111111 1111111).
1.111’-111”1’.-- 1111111111111111, m 11111111 1111111111 1111 1111111111 ,11111 11111111
1111111111. 11. aff-87.
’ 21)1111111 ,11111 11111111111111 8111111111111111. 1111111111 11111-
1111111 na 11111111111111111111111111111111111111111 111112. k. 117- 1111, --
11111111111111111 1111Ρ.111·111’1111111’, 1111111111] 1111111111. k 11114111·Δ

Ι,1111111111111111111111111111 1111. 11111111 211 (1111111111Ι 111117. ,

111111-71111, m

1111111111· 1111111111111111111 1111111111 1111111111111 ,11111111111111 11111111
,111115111111111111 5111111111111111, 11, 1111 111, 111111111111111111111·

’1111Ι 1111111111 .Ι.111Ἰ’Ι 1111111111 1111 1111111111111111 1111111111111111111111-

111111 1111111, 1. 111 - 112.
2111 11111111 11111. 1111111111 11111111, 1111111111 1111... 1111
111111 11111111 1111111111) 1111111111 1111111 1111111111 1111·“1·Ι11·11111·11 17111 11111

· 11111111111111 1111111111111. 1. 112 111.

2711111111111 11111111111111 1111111111 11111111111111 1111 1111 11111111· ⁴
1111111111 1111111111111111. 1. 111- -117,

2111 1111 mx. 1111111111, 1111111111111111111111111,111 1111111111 ’
1111111111 17111. 1. 117-1111. ’

211) Ι.1’.-1 .1.111’.·111111’111 1111111111111111. 1111111111111111111111,
1111111111 11111111111111111111. 1111 1111111111111111. 111111 --1111’.

11111 1111111·1,1.111’1’. 1111111111· 11111111111111111 1111111111 11111111111111
11111 xvia 11111 1111111111111 21 Ι11111111111111 111112 11 1111111111 1111111111.
“. 1111--11111,
⁴ 2111 hist Nviu ,11111 ,1111111111 1111111111 1111111111 1111 1111111
11111111111111 111 111111 11111111 1111111 1111111. k. 11111,

1121 1111111 1111 111111111111111. 11111 1111111111 11111111111111111111,

1111) 11111111 11111 111111111111111 11111111 1111111111 ΙΙ 1111 11111 1111111-
skkhlssznffuulffi svjnm 111111111111111 1111· 111111). 1111111111 1111111111111111. ,
Ι 1111 1111 ,111111111111171111111111111111111, 111111111111111111111 1111111111,

1111 ,11111Ι 111111111111111 1111111111111111, 11111111111111 1111111111, 1111 ’

1111111111111111111111111. 11. 111.”1’ 11111,

11111111111111 11·111111111111; 1111 1111111. 1. 11111, - 1111 1111111111
111111111111111. k. 11111, 1111 111111.. 1. 11111- -11111, 1111111111.
li. 11111 -11111, 1111 1111111111 11111111111111111 111111111111111111111.
,11111 1111.

,11111111 1111111 ,1111111111 11 111111111111111111. 11111. 11111111111111
11111111111111111111111111,11.11111’ 11111. 111111111111111111 11111, ’

317) 11111111 11111111111111 1111111 111111111111111111111111111111111111·
1111, 1111111111111111111111111, 11111111111111111111 1111111111, 1111 1111111111·
11111 111111111111111111 11111111 1111· ’1 111111 17111111111111. 1. 1111’-ΙΙΙ.

11111 1111111 1111 11111111. 1111 111111111111. Ι

51111111111111111111 1111111111 111 11111111111111’1.111111111111. 1117.

11111111111111. 111 k. 0-8; 1111 1. (13 1 135 1111111111 11111

1111111 1. 27 11111 1111 1111111111.

7⁰⁰. 1111111111111111111111·)·, 1111111111 111111 1111111 11711111111111111
‚¹ ‘ ,
11 1111111111111111111731111111111 11; 1111 11111. 1. 1. 1111
1111111111·1’111·, 111111111111 1 1. 11. 111111 11 11111111 111111 511111111111111
1111111 1111111111111111 1711.1.1---11’. - 1111 11111111. 111111 11 1111111111
17111. k. 22-· 21’.-·-- Na Ι11111111 1111 11111111111111111111111111111111111 1712.

5 1.11--11’. - 111111 111111111111111 Aa 111111111111111111111111111. 1.111’-11.-·

10·

 

