111 mn.

1111111111111111111111 1111111111. 1111111111 nunu-nnn, 11111111-
1111111 unumne-usis. 1111 11111111. 11111. in 11111111 7 11111111 171111.
111. 1111 1111. - ''nnn-nn 11111 1111111 ..1111111111 1111111111· 11 11111
11111111111111111111111111111111111111111. 11111. 1111111111 111111111 17111111111111- 1111.

1111 11111111 111-111 ,1111 1118111111, 1111111111111111111111111,1111
nnana-niem, 1111111111 11111111111111111111111.1111 117.

17) 1111 ,111111 ,111111 ,11111111 111111111111111111111 dn 1111111111Ιί
1111111111 1111111111. 11111. 1111 111 1111111111 171111. 11117--111, .-
1111111111111 innon: 11111111) 111,Ι w 11111111 1111 1111111111111 1111111
:n Manen 171111. 1111. 12--111, - 11111111 uic: 1111111 7 1111111111
1111111111 nnllam-innon 171111. 111. 111 111. - 11111111111111
1111111111... nn. 11111111111 171111. 111. 111. 1111111111 1111 «11111111.
1111. w 11111111· 11111 11111111111111111 1111111 111 11111111 171111. 1111111. - 111
111111. 1111 1111101111111 1111111111 11111111 111111 :enan 171111 n 1111111111.
1111. 1111-111.

111)1,1111111111111111111111Ι 111. unni 1111111111111-1111, 1111111111111111
111111111111111111111 1111111· 111111111111111. 11111. 11111111111111 11111 1 1111111 171111.

“ ’ 111. 1111- -1111,

111) 1111111111111111111111111111111111111, 11111111111111111 11111111111111111111,
dn 1111111 111111 11111111111111111111Ι 1111111111 1111 2111“1·111·1111·11 171111.
1111. 311.

2111111111 111.11111111111111111. 1111. 1111111111· 11111111111111111
1111· 21 nnn 171111. 111. 111. -- 7. 11111 11111111 1111111111. Ι111. 111, »-
1111 1111111 1Ι11 1111. 1111111111. 111.111- 11. · 1111111111· 111· 1111·
211 11111111 17111111. 11. nin 1111111111111. 1111111111111111, 1111111-
111111 11111111·1111,11111 1111111111 1111111111 1·111’111111111“,111111 111 7 111111
· 11111 11111111 11111111. 111. 1711, · Uniwnnnn 1111111. 1111. n· 1111111111
111111 11111111111111111 nn· 7 1111111 171111. 1111. 71. - 1111111111 111111. 1111

· ’ 111111111111111111 1111111111. 11111111 sin 11 1111111111 11111 1111111111111111

1111111 3111111111 171111. 111. 11111. -κ 1111111111 1111111. 1111111111
’ 1111111111 1111 7,.1111111111111 1111 21 1111111111 1711111111. 21111 2.·11.
211 1111 ,111111 1111111111, 1111111111 111111111111111. 1111111. nosn-
' 1111111111111, 1111111111 111111111111111. 111. 11.
· 22111111111111111111111 1111111111 w 11111111111111111111111111111·-
. 11111111 1111111111111111111. 111111111111111111111111111 211 11111111 171111.

, 1111. 1.·1-11. 111111111111 1111111. 1111111111 1111111, 1111111111

111111111111111. Dal. 111 11111111. 111. 111ψ111.

211)Ι,111 .Ι111.111111111111111111111, 1111111111 1111111111111111, 11111
7111111111 171111 111. 111. 11111111 dn 1111111 111111 1111. 111111111111111
111111ιηί1171, 11111111111111. 1111. 11. ,

21) 1111111111 1111111111 1111111111111111111, 11111111111 1111-
111111111111. 1111111111 1111111111111 111111111111111 11111111111111111
mmlnminrskinnn, 11111111 111 w 1111111 w 1111111111 111111 2111111-
111 171111. 111.111---111.

211) 1111111111 1111111111 ,111111’111111111111111111,’11111111’1111 1111111-
1111111111111, 1111111111). noennnnownm 1111111111. 111. 111-112,
1111111111 11111111 111111111111111, 111111111111111111111111111111111111111 nnn.

⁶⁰⁶· 11

111112 111. 11111 1111111. 111111111111111 1111 11111111111111 11· 1111111111
111111111111111111 111, 1 11111 171111. 111. 1111.

dnm 12111Κ11)Ι)))11)1.11,111111Γ11171111 1111111111 1111111 sie w 1111111111

27) 1111 111111111111111111111111111 dn ,111111111111111111111111111111111
11111111 11111111 111 1111111111 1711111111-111.

211)Ι111111111111 1111. 1111111111 11111. [111111111111111111110]
1 01111111111111, 1111111111 1111111111. 111. 110-1111.

2111111111 1111111111111111 11111111111111111 11111111111111111 11111111
1)1)111)1)11111111111111111111111. 11111111111111111111111111111 17 1111111111 171111. ’

. 11-11,

Ι 1111)11111111111111111 111111111111111111 1111111111 1111. 111111111-
111111111, 1111111111 11111111111111. 1111. w 1111111111 11111 1111111111 ’
1111, 21 1111111111 171111. 111, 117-1111. -0111111111111111111, 11111111111111
11111111111111111 w 1111111111. 1111211Κ111111111 171111. 111, 1111411 -
1111111 1111111111 11111111, 111. 711.

11111111 1111111 nni 111111111111111111111111111, 1111111111 1111111
11111 1111111111 w 1111111111111111111111, 1111 1111111111 1111111111 nmbn-¹
11111 1111111111] 11. 11111111111111111111 1111111111111 w Ι1111111111 1. 171111
1111111111, 11111111 1111111111 Snrnjn· din 21 1111111111111 111111 11112
111111 11111111111111111 11111111. 111. 711-72, ’

,111111111111111 ,1111111111 ,111111111111111111111111111, chorn-
111111 11111111 11111111111111 11111111111111111111, 11111111 1111111111 11111111
111111111,111111111ι1111 111111111111111111111111111111 11111111111111).1)11110 -
11111 11111111 1111111111111111 111111 111 111111 171111. 111. 72-73. -·
lnn 1111111 1111.1Μ1’. 1111111111 111111111111111, 11111111111111111111111 m· ⁴
1111111111111. 1111111111 nin 13 Ι111111111111111711. 1112111-1111111111
1111111.ί 11111. n· 11111111111111 :n l‘andzinrnikn 171111. 111. 2711 --2711 .

1111)1.111 1111111111 1111111111 manns-iconion 1ο JMP. 11111-
110111111111, 11111111111111 1111111111 11111111111111. 71-1111,

[Γ 9111)(,112111111111311111111111 111111111111111 111111111111111). 17119.
11 . ··-1 .

1111) 1111 ,11111 ,111111 1111111111, 1111111111 1111111111111111, do
JW. 1111111111111111. ’1111111 din 211 Aprilis 171111. 111. 112.

111)1111111111·11 1111111 8111111111 111111111111111 dn (1111
1111111 111111 1111111111. 11111 1111111111111. 111. 111-1111,

. 111111111111111 1111, 111111111111111111, 1111111111 11111111111111
nonu-nnn« 11111111111111111111. 11111111 111 n· 11111111· 3 Mnjn 171111.
:bn 1))1-1113 - 1111111111 1111111.. ’11111111 11111 11 1111111111 171111.

1 1·“ l· ⁹

111) 11111111 11111111111111111 11111111111111111111171111.111.1011-1011.

1111) 111111111111111111 1111111111. 111. lon-nn.

111) 5111111111· prnjeklnwnnn 11 1111111111 1111101111 nnn· .
1111111111 1111111111 1711111111. lin-413.

11) 11111111 od 1111. 11111111111111111111111111111111 [1111111111-

111111 111111 (11111111111 11111111 dn 1111. 1111111111111111) podnnn
111. 11111111111111111111. nn.

1111111 11. nn. 111111. 1111. ' 11

 

