111 1111,111111111111111111111111, 1111111111 1111111 1111111111,
111 1111111 11111 11111111111111111111 111111 11111111 11111 1111111
’11111111 11111111Ι 111111 11111111 17711. 111. 111-22.

111 1111111111 111111 ,11111 111111111111111111 111,1111111111111111111
1 1111111111 27 1111111 17711. 111. 22.

11111111111111 1111·Ι 111111111111111, 111111111111111111 11111
, 1111111111111, 1111111111111111 ,1111111111 1111111111111111. 11111. 111111·
1111111 13 1111111111 17711. 111. 22-231.

111 11111111.1111111111111111111, 1111111111 11. 1111.. 111 11111111
1111111111 111111111111111 11111111111111111111111 1111111111 17711
1111111.111.2.·1-21. 1111111111. 111. 21-211.

121 11111111 11111111111111111111. 1111111111111111, 1111111111111
111111111111 1111111111. 111. ’.111-27. - 1111111111 11111 111
11111111111111 1111111111, ,1111,11111111111111111111. 1111111111 1111111-
1111111, 1111111. 1111111111. 111 11111 1111111111 11111111111111. 11111111·
. 11111111111111111111 1· 11111111, 111. 27 211.

1211 11111111111111111111 11111111111111 1·111111111111.111·. 211--111,

111111111111111111111 1111111111 ,1111111111 111 1111111111 171111.
111. 111-11. - 111111 11111 11111111. 11111 11 1111111111 221111111-
111 1771. 111. 2111 11111.

1111 Ι.111.111’. 11111, 1111111111 11111111111111 1121211, 1111111.
111111111111111 w. 1111. [11111111 111111111 1111111111 1111 1211111111-
Ι1111 17711, 111. :ti-:m 1111111111. 111. 1171.

11111111 11111 1111111111111. 11111111111111111111111111111. 111
,1111111111 111111111111111, 111111111111 1111111111111.7 1111111111 17711.
1111. 111-,111

171 1111111111 1111111111 11111111. 11111111111111111111 11111111-
rium 111 1111111111 1111111111 111 1111111111111111111111111111111111-
111111111. 11111111 1111· 21 Novembris 17711 111. 111-117. ’1111111111
1111 11. 111. 117.

11111111111111 111 11111111 111 8111111 111.1Μ1’. ,1111111 111111.
111111111111 111111. 111 1111111 211111111111111 17711 1111 1111111111
1111111111 1111111111111. 111, 1174111, - 1’1111·11111.1111’. 11111111111111,
11111111 11111111111111. 1111. 1· ι1111111 11111111 11111171111111111 17711.
111. 1111. -· 11111 111 11111 1111111111, 1111111111 1 1111111111.
111. 311. - 111111111 111111 1111111111, 111. 3111, 1111111 111 11111.
1111111111 1111111111 1 11111111. 111. ,111-111. - 1111111111(1111111111.
111. 111. - 111111111111111 11111 11111111. 1111111111. 111. 111-11. -
1111111111111111111111111. 111. 11. - 1111111111111.11111’.111111Ιὶ1
1111ηά11111 1111 111111111111111111111111111111111111111. ,111111- 12. -
lustramentum 11111111111111 111111111111111111 1111111111111111111 111
111111111111111111111221111111111 17711. 111. 12-11. - 1111111111
1111111111 111111111111 1111111 11111111 17711. 111. 111-11. -
Familiae 1111111111, monasteria 1111111111, 1111111111, 11111-
· 11111 111. 11-117. - 11111111111111111111,11111111111111111111111-
111111 ὃ111111111111. 1111. 11· Ι11111111 111111 1111 211 1111111 1771.
ar. -.m.

1111. · 11 1

1111 1111111111 ,1112 1111111111 1111111111 11111111111111. 11111·
111111 1111111111Ι 1111111111111. 1111111 111 11· 1111111111 1111.
11 Aprilis 17711. 111. ·1ι”1·-ι”111.

2111 1111 ,11112111111111 11111111111111111111111111111111111 1111 ,111 Ρ.
11111111111111111 211 1111111111 1771. 111. 111-171.

211 11111111111111111111 1 1111111111 111111111111 111-1111111111
111 1111111111111111 11111111 11111 11111111 1111111111111111111111111111
1111 1111· 111111111111771. 111111-171- 1111111111111111111 11111111
1111111111 1111111111111111. 1111171.

22111111111 mv. 11111111’1.-111111 1111. 12111111111111. 1111111111
11111111111111. 111111 111 1111111111 1771. 111. 111-1111. .

221 1111111111111 1111111111 111 1111111111 111111111111111 1111·
1111111111 111 ,111111111111111, 11111111111111111 1 11111111111111
11111 11111.111111111111111,11111 11111Ι 1111111 11 11111111111111111111
11111111, 1111111111 11111 11771. 111. 111-17. -· 1111111 111
1111111111 11111111 1111111111111 111111111111111111. 111117-1111.

211 1111 ,11111 11111111111111(1111111111 1111111111, 1111 mv.
1111111111, 11111111111111 111111111111, 1 1111111111 11117 111111
1771 11111111. 111. 1711 1111, 11111111 111· 1111 111 111111. 111. 1111.

21111111 1111·Ι 111111111111. 1111111111 11111111111111111111111
11111111111111 1111111111111. 1111112. 111111111111111, 1111111111 1111-
111111111111111111111211111111 1771 1111111. 111. 111-1111. - 1111
111 111111. 111111111111111 11111111111111 111111111111.1111111111-
1111111111 111111111111 11111,111111111111111 1771 11111111. 111. 1114121,

2111111111 1111111111 11111111 11111111111111 1111111111. .
1111. 1111 117.

271 11111111 ’1 11111111 111111111111111111 1 11111111 11111111
11111 1111111111 11111 111111 1111111111, 111. 117 1111.

2111 11111111111111111111. ,111111 111111111111111111 0111111111·
1111111111 111111111111 1 1111111111111111 1 1111 111111111111111.
1111. 11 11111111 22 11111111 1771. 111. 1111· -711,

211) 1111111111 1111111,1111111111111111 11111111111111111 w. 111.
11111111 111 11111111 ..11 lunii 171111, 111. 711 71.

11111 111111 1111 ,111111 1111111111 1111111111111 11111111111111
1 1111, 11111111 11 ,1,111. 1111111111, 1111111111) 1111111111111.
11111111 111 w 1111111 1111 ,1111111111211 1111111111 171111. 111. 71ω-7ἴ1. -
11111111 1111 1111111. 11111 1111111 111111111111117111111171-711.

:m [1111111111 111111 1111111111(τί 111111111111 1111111111
w 1111111111. 111. 711 77. —— 1111 11111. 111. 77-·711. - 11111. ,
2 5111111111 1771. 111. 711 111.

2121 7111111111.1111111111111111111111 1111111111111 111 11111111
11 1111111111 11111111 1111111111 1111111111 111, 11111 1111111111,
11 11111111111111, Ι1112. ,111 1111 11111111 1111111111, 1111111111 111111-
11111, 1772111. 111-1112. ,

33) 1111111111 ,1111111111 ’11111111 S. ,1. 1111111111 w 1111111111
11111111111111 11111 111111111111 11 1111. 11111111 111 1111111111 111111
1111111111 1111111111. 1771111. 1112-1111.

 

