56 ¹ 07&

’- 1111111 1771. ,111. 2113. 21111. -· 1111 1111111111111111111111111111111 11111-
111111111111. 3111 -3111,

112111111111111. iiassaisiiii·‹„¹n, 1111111111 1111111111111111. 11111111 1111
11111111111111111 1773.111.21111---2711. - 11111111 111111111111111111 11 111·-
. 1111111111 prm, ,111. 1111111111 11111111111111111111 1111111111111111111.

111. 2711-273.
’ 113111111111111 11111111111111111 11111111111111111111 nn svjmiku
[1111111111111111111 11111111111111111111 1111111111 1. 1773, 111. 273- 2711.

1111111111 iio ’1111111111111111 11111111111111. 11111111 1111111· 11111-
11111111121 1111111111 1773111. 2711 2711.

1111) 11111111 1111 111111111111.1111.11111111111111111, 1111111111 111111·
11111111 1117111111-111111111111111111, posia 111111111111111111111111. sir. 2711.

iiiii 1111111111 1111111111 11· 1111111111 11 1111111111 1111111111 1111111·-
1111111 1111111111 1111111111111111 11111111 11111111 111-1111111111, ,1111111111
111111·1111111111·1·111 prii-paim 111111111111111111111 1111111111 11111111 1773
1111111111. pm 1111111111111111111.1111111111. 2711 -2112, ,

1171 11111111 111111111111111. ‘i'nrskiium 1111111111 1111111111, 1111
11111 1111111111 21 11111111. ,111. 111-1111. -- 11111111 imni 1111 11111
1111111111 1111111111 1111 11111111. ,111. :iiii-:iiii 11111111 1111111

11111111 1111 111 Maii. 11111111111111111, ·-« 11111111 11111111 1111111. 1111 ,

11 11111111. 31111 31111.

11111 1111111111 1111111111 1111111111, 11111. 11· 11111111 1111
:iiiiii 1773, 11112113, -- (1111111111 ,11111111811111111111111111111, 1111-
111111111 1111111111 1111111111, 11111111 111) 11 11111111111111 ,11111 1773.
111. 2113- 2111. »- ‹inissa-ia. 11111, 11111111 1111 211 1111111 1773.
111. 3112 --11113 - (1111111111 1. 11111111111111111111. 11111. 1111111, 1111
11 Maii 1773. 111. 11211. -- (1111111111 1111 111111111ιὶ11 17711.
1111111211· 2121.
¹ iiiii 1111111111 11111 11111111 111111 11111111111111111111111 1111111111ιί
11111111111111, 11111111 ’1111111111111111 111, 2113 1 2113 [iiiii.

71111111111111111 111. 11 1111111, 1111111111 1111111111 11111111 1 111-
11111111111. po 11111111 1 1111 1111111111 11111. 1111111111 1111111111111773.
1111. 2111-21111. ω 11111. 1111111111 2 111111 1773. 111. 11111--3211, - ·

11111. 1111111111 2111111111 17711. 111. 3111. 1111. 1111111111111 1111111 17711.
1111. 3111 «310. -- 1111111111111111 11111111773. ,111. 111111- 3111. --
, nai, 1111111111 -1 1111111 1773. 1111. 3111---3112 ·- 11111. 1111111111
111 iunii 17711. 1111. 3112.

711 1211111111 z iishiw: 11111111111111 1111. 211 11111111. 1111. 2117. -
711171111ιί1 111 Χ. imiimi-kivi· 3, ,1. 1773. 111. 3117.

721 ’1111111111 11111111111111111111111 publii-,nrum 11 111111111111111 1111-
111111. 81111111111111 11 1111111111 .. . 11111 11111111 ,3111111111111 1111111
1111111172 11111111111111111111111 11111111 1111111111 1111111111 1111111111-
111111111 ...111. 21111. - iivsoripiin 1111 111111111111111 1111 1111111111111111
1111111111111111 1111111111. 111. 21111.

711) 11111111 na 11111111 1111111111111111111111111111111111111.
wudzinskiogo. 111111111111111111111111111,111 11111 1111121 Aprilis 1773

¹ 111111111111111. 21111-2111,

ὓῖδ. 57

ι 711111111111111· 111111111111111 kinnim-nivii imi-xiiij: 1111111 11111-
111111111111111772. ,111. 2113 2111. —· 1111111 11 Ausim-‚111 111111
11111111111111 177311112111. - -11111111111 11111. 11111. 1111111111 i'in· ·
11111111111111 111 111111111- 1773. 1111. 3311.

17111 1111 1111111111 ,11111111’111111111111111111111111, 1111111111 11111-
11111111111111. 11111. 111111111111111111 1111“1Ι111111·11 1773. sir. 2112. .

711111111111111 111 1111111111111111111111111 genimima: 11111111 Ι111.
11·11’1111,111·11 1111111 21 1111111111 1773. 1111. 2111 -‹ 21111. 11111111
sii.» 1111111, 22 1111111111 1773. Ι111. 2115-21111,

Ι 2(ini) 11111111111111 11111111111111111111111111111111 1111111111111. 1773.
111. .1·--’... 7. “ -

Ι 711) 111111 1 11111111 1111 1111111111111111111111111111111 1111111111·
1111111111. 11111111 111· 11· 1111111111111 11 1111111111 11111111 1111111111111111
1111111111 11111 1111111111·,111111111111111111111111111111 1. 1771. 111. 2117 21111.

711) 11111111 111111111111111111 1111 11111111 ,11111 111111111111111111.
1111111111 11111111111111111111 111 111111. 111. 21111 ·--31111.

ΙΙ ,11111 111111111111111. 1111111111111· 11111111111111111 1111111 1111111111· 1111-
111111111111, 1111111111111111111111 111-11111111111111 1111 11111 111111. 11111111111111
111111111κ,111111111111111,1111 1111111111 1773 1111111111 11111111 [1111111111.
sni --: i. '

111) 11111111, 11111111 1111111 1111111 1111111 11 ,1111111 1773 1111 11111111.
111. sun-zm. -κ 11111111 1111111. 1111 sosii 1111, 111 Maii 1111111111
111. 311 ··31.·’1. - · iiii 11111111· 1111 111112 1111111111, Ι111. 1122 321. - -
Ι’11111111111111·1·1111Ἰ inani 1111 111111111111111 111111111111111 111111111111111111
1111111 1111111111· 71111111111111111..11111 w 11111·.11.1111111111 111 11111111 1773.
sir. 337--3111, -- 11111111 1111111111· logni: 1111. 1111111111 iiio
11111111117731.111.111”13 3111. ·-1111.111 111111111111111. .

1121 1111111 11 11111111111111 ,1111111 1 11111111 1111111111 111111111111111
111111111111)111131411111111111,111111111111111111111111111111111111111111111111111 1773. ·
1111 1. : 1.

113) 11111111 11111111111111111111 111111111111111111111 111 1111111111111111111-
1111111111111111 1111111111 11111111 1111111111 11 1111111 1111111111] die
’11111111 1773. 111. 11111- 3111.

1 1111 1111111111111111111111. 1111111111111·Ι1111111,111·1 1111 1111 11· 1111111111
1111111111111111111111111111111. 11111111 1111111111 11111111111111. 111. 31111 3117. ,
Ι 1111111111111 111 11111111·11111111111111111111111,1111111111111111111111111...
11111111 11111. 1111. 31111111111111111111, 111111111111111 111111111111111. 1111111

211 1111111111 17731111131111· 1112.
1111111111111111111111111. 111111 1111111111· 111 1111111111· 1111111111·-

1111111111 1111111111· ,11111 11111111111111111 1111· 111 111111 z 1111111 pmii

111-11111111111111. 111. 312 1113.

Ι 117111111111111111 1111111 111111111111111111111111,11111111111111 1111 1111111
11111111 11111111111111111 1111111111111111111 11111111, 11111. z 1111111111 11111111
1 1111111111·11.111.1111’1 11111.

11111111111111111 111111 11111111 111 11111111. 1111321.
¹ 1111) (1111111111 ,1111111111 ,3111111111 111, 1111111111. 1111111111111111
1111111111 1111111111 ,1111111111111111111111111111111111111111111. 1111 11111111-

 

