111 7111.

1111 1111111111 111111 1111111111]Ι 1 1111111111 1111111111111111111
1111111111 1111111111111111111111 1111 11111111 1111111111111111 111 11111111· ’

1111111111 171111. 1111. 11· 1111111111 111 1111 171111. 11, mmm—noy.

11111 11111 1111111111111 111111111111111111111111111111 1111111111
1811111127 111111 171111, 11. 3113 3111.

11111111111111111111. 111-111111 ,11111 11111111 11 11111111 1111
11 1111111111 171111 1· 1111111. 11. 211111, -3117,

1111 1111111111 1111. 111-1111111111, 1111111111 1111111111111
1111111111111111111111 1111111111, 11111111· 111111 1111111111 1111111111
’1151111111111 171111, 1111111» -1111’.

1121 1111111111 ,11111 1111111, 1111111111 1111111111, 1111217811-

· 1111111 1711111111 111 11111111 Ι«1111111111. k„ 1111-- 1112’.

1131111111 1111. 11111111111 1111111111 1111 1111. 1111111111111111,

11111111111111111111111 1111111111111 1111, 11111111 111 w ohozio 1111 .

1111111111211 &Vr-mnia 171111, 11, mamm&
1111 1111111111 111-1111111111·111111111111111 1111111111·

“ 1111111111, 1111111 111111 11111111 11111111 1111111. 1111. w 1111111

md 1111111 1111 7 11111111111 171111. 11. ’111-11172
, · 11111111111111111111111111111111 1111111· 11111381111111-
liris 1111 111111 1111111111, 111111 11111. k, 11111-111. 1111111111,

1111) 111111111111111 11111111111111 11111111111111 prm ,1111111
1111111111 51111111111111111, 1111111111 ,1111111111 1111. 1111111 1111 111111-
111, pm! 11111111 1111811111111 171111. 11. 111-1111’.

1171 1111111111 1111111111 1111111111111111111. 1111111111 11111·
1111111111, 11111111111111 1111111111 111111111111 1111111111. 11111111
1111 11111 1111111111 1111111111 2111111111ιί1 171111, 11. 1211-*1211

11111 1111111111 111111111111111. 111111, ,1111111111 111111111111111.
mars-mma W. x. 1,.111111111111 1111111111111111111, 1111111111 11171,-
, 11111111 1111111111 w 1111111111 od 11111111111111111111. 11111. w 711-
1111111 1111111111111 171111, 11. 121 1217.

11111 bist mx. Krasmskiouo, biskupn 1111111111111111, 1111
11111711111111111111· 111111111111111111, 11, 4211 --1211

11111 111111 1111111111 1111111111111111111 111111111111111111 1111-
111111 111 1111111111. 11. -1311-1111.

111111111111111 sur 11, 11111 111 11111111, 11111 11 11 1111111111· les
111111111111111 111 111111 11111111111111. k, 111 111. .

11121 111111 1111 1111111111 111 Su 1111111111 11 111 11 111 11
1111111111 111 1111111111 111 ,11111 1111 1111111111 111 1111111111.
k 1117 --11711 -- 11111111 111111. 11. 1117--1111,

11111 11111111 111 1111111111111. w 1111111111 1111111111111 111
11111111111111111111111111111111111111· 111111111111111 1111111111 1111 1111-
ss). ,11111 1111’.

11111 ’111111 1111111 111 1111111111 11111· 1111111111 111 1111111111 ’

1111111111ι1111411ὲ11111ὃ2111 1111111111 11 1111111111111111111111 1111 11 11111· ᾗ
- .11..1 5‘.

vlu-717. 195 ι

11111 11111111·Ι [11111111 111 1111111111111111 111 11111 1111
1111111111 111 1111111111. 11. 1113- 171. ·

1111) 111111111111111511111111111111, 1111111111 11111111111111.
11111111111111 1111111111111 11111111111111111111111 1111111111. 11111
11111111111111111111117111111. 1711. ’ ,

11171 1111111111 11111111 11111 1111111111 1111111111 1111111

⁴ 1111111111, 11111111 111· 111111, 111 111111111111111111111171111. 11. 177.

’111-111 11111111. 11. 1711. -- 1111 11111111 111 wgo& 11111111111111.
k' 4ί1111113111111111 111111111111111 [1111111111 11111 1111111111.
k. 411111111111111111 111111. 11. 11111.γ
1111111 257 11111111 11111 1111, 111111 1111 102 111111 my.
Kart niczapisnnych 1111 11111111 111111.

m. 1111111111 11111111111, 111111)- 11111111111111111 11 1111111111

11 1111 1111111111ιῑ114111,11111111 1 1111111111111 111 1111111111

1111111· 1111 1 11111111 17711. 11, 1--11

21 111111111111111111111111111111111111, 1111 1111 1111111111
1111111111 1111 111111111111111111111, 1111111 17711 11111111151111111.

, 11. 11-7.

111 1111111111 1111. 1111, 11111111111 111111111111111111111111
1111111111111 111 1111111111 11111.. 1111111111121181111111 17711..
11. 11. 1111111111111111· 111111111 17711. 11. 11. 1111 111111 111
1111. 11111111111111111, 1111111111· 11’11111ἰ111111,111· 11111 1111111111 1771
11111111111111111.11,11111 1117ι Ι Η

11 11111111.,11·11.11. 1111111111111 111111111111111 1111111111111.1111’, ,

’ 111111111111111111111.1311111177111111-13’. - 1111111111 11111,

1111111111 ’11111111 111 11111111. 1111. 11· 11111111 111111 1111111111
1111111 17711, 11 311-- 37¹. 11 1111111111 11111111. 1111. utsupra.
11. 1111 1111. 11 111-1111 1111111111. 11111. w 1111111 111 Ι111111.

, · 11. 1111 111. · 11111111111111111111111 111111111111111 1111111111 17711.
’ 11, 111 1⁸22- 11111111111111111111111.1111.111111111111111111111-

1111 11 1111111111 17711. 11. 111 132 111 ,11111111 11111111, 11111.
w 11111111111111111111 :31 1111111111 1771. k. 1111Ι 11111. -- 11 nie
1111111111 1111111111 w 1111111111 1111111111 1111111111 1111111111.
1111, w 11111111 1 1111111111Ι 1771. 11. 1111’--1 111. ·- 1111111111
1111111111 1111111 1 1111111111 1111111111. 1111. 21 Sty-onnia 1772.
11. 1111 11111. -- 111111111111· 11111111111111111111111111111111111111111.
11111111111111112111111111ἰί 1771. k. 312- 3111. - ,1111111111
1111111111 11111111 111111111111111 1 1111 11111111111111. 1)κὶ1111 1111
1111111111 11111 1111111111 ’1111111111 17711. 11. 111--21Ι -1111111111 ·
11111. 1111 w 1111111 21111111111111 17711. 11111111--111111, ¹

111 11111 11111 1111111111) 111 1111. 1111111111, 1111111111
1111111111), 11111111 1111 111111111117711. 111217 211. -· 1111111111111111

w

 

